0.0,0.0,0.0,0.0,0.0,0.0,0.0,0.0,0.0,0.0,0.0,2.297447621822357e-05,4.084973223507404e-05
0.0,0.0,0.0,0.0,0.0,0.0,0.0,0.0,0.0,0.0,0.00013459114637225867,0.0001863018865697086,0.00029771076969336717
0.0,0.0,0.0,0.0,0.0,0.0,0.0,0.0,0.0,7.500862702727317e-05,0.000264285083161667,9.130271396134049e-05,0.0006571204153005965
0.0,0.0,0.0,0.0,0.0,0.0,0.0,0.0,0.0,0.00013065024325624108,0.000535051129409112,0.00021144840837223456,0.0011231012132484465
0.0,0.0,0.0,0.0,0.0,0.0,0.0,0.0,3.3134385012090208e-06,0.00024203073349781334,0.0006579466908588074,0.00047398089154739866,0.0012996331075264607
0.0,0.0,0.0,0.0,0.0,0.0,0.0,0.0,1.9913488067686557e-05,0.00025870587676763535,0.0010417828456265852,0.00047843243411625736,0.0014279223250341603
0.0,0.0,0.0,0.0,0.0,0.0,0.0,0.0,2.7729703579097986e-05,0.0004626025762408972,0.001113509692659136,0.0004215345802949742,0.0016902676901081578
0.0,0.0,0.0,0.0,0.0,0.0,0.0,1.8885473255068063e-06,3.422594885341823e-05,0.0006504117988224607,0.001167187064216705,0.00075625026828493,0.0016746928691864014
0.0,0.0,0.0,0.0,0.0,0.0,0.0,6.183117628097534e-06,6.885613594204188e-05,0.0012085625110194087,0.0016658005684439558,0.000776383102289401,0.0017136910873377929
0.0,0.0,0.0,0.0,0.0,0.0,0.0,0.00011514121992513537,0.00028037370066158473,0.001276923744357191,0.0019099378207902192,0.000668539515696466,0.0017520894112822134
0.0,0.0,0.0,0.0,0.0,0.0,0.0,0.00010891764564439655,0.0004552896749228239,0.0012509942474425771,0.0022526445759867785,0.001017184884112794,0.001803660963807488
0.0,0.0,0.0,0.0,0.0,0.0,0.0,7.219613529741764e-06,0.001084560852497816,0.0023378589062485844,0.003588814497372368,0.0010542909873183816,0.0016337230531789828
0.0,0.0,0.0,0.0,0.0,0.0,0.0,2.3364447988569735e-05,0.0038451938272919504,0.002777903351117857,0.002857344738469692,0.0009880545978958252,0.001530395931986277
0.0,0.0,0.0,0.0,0.0,0.0,0.0003429884314537048,0.0006899761578533798,0.0036144664533785545,0.0035975942171644418,0.002881601265165955,0.0010019290328782517,0.0012300685753580184
0.0,0.0,0.0,0.0,0.0,0.0,0.0,0.005480913132429123,0.003359114890452474,0.0035943824405258056,0.002727360064847744,0.0008394742402015254,0.0007791700045199832
0.0,0.0,0.0,0.0,0.0,0.0,0.0005479843020439148,0.008159659161232412,0.002768317900132388,0.003253941708011553,0.00318516561909928,0.0007846213622251525,0.0006612142069352557
0.0,0.0,0.0,0.0,0.0,0.0,0.0015278471112251282,0.009013551118259784,0.003215511083835736,0.004091366214925074,0.003220665170782013,0.0010824892548116623,0.0009153950055042514
0.0,0.0,0.0,0.0,0.0,0.0,0.01058915378432721,0.006415817894041539,0.007259928993298672,0.004095995241805213,0.002905187018797733,0.0013781495618459302,0.0013311483354045777
0.0,0.0,0.0,0.0,0.009579509735107421,0.0009004426598548889,0.005309090048074722,0.007142716427915729,0.00839937538286904,0.0022480490834568627,0.002647316697402857,0.0011959384223737288,0.0010240614828071557
0.0,0.0,0.0,0.0,0.0087332124710083,0.0018401032686233521,0.01221392160654068,0.005749265859805746,0.005186812033702154,0.002951732982415706,0.003158689090196276,0.0008292491483152844,0.0006139784995757509
0.0,0.0,0.0,0.0,0.0076065192222595215,0.004993835091590881,0.010360247279517353,0.010505577033385635,0.0038945356202020774,0.002789901485812152,0.0021321140723885037,0.0008276160801469814,0.0005811782607925125
0.0,0.0,0.032371772766113284,0.0,0.012019952774047852,0.0006067466139793396,0.012608043529093265,0.0058805066933855414,0.004938318842963781,0.0023531453734321984,0.002542883201065706,0.0009873890086018946,0.0003191226941999048
0.0,0.0,0.05528847503662109,0.0,0.015295949935913086,0.008815557539463044,0.009606191650032998,0.00805015013879165,0.0012601551832922269,0.002581852181785507,0.00202307261392707,0.0006579385026707314,0.00026605400259722956
0.0,0.027911495208740235,0.0,0.01565057945251465,0.0035135467052459716,0.003197607398033142,0.014225840987637638,0.0036963061532005667,0.002643402080691885,0.0023922663332195952,0.0020516699017316567,0.0005241225807985757,0.00019916920355171895
0.0,0.01554439926147461,0.0,0.0,0.01729615768045187,0.005719849944114685,0.007558269013650715,0.003185125498101115,0.002941526371811051,0.002365759963315213,0.0019952497913327534,0.0004570460597751662,0.00013491180600249208
0.024825313568115234,0.0,0.0,0.0,0.0031156880855560303,0.024498348623514174,0.005074593203142286,0.006041920930147171,0.002877122167876223,0.002158753970550606,0.0013497910022560974,0.00039490381194627844,0.0001094678965746425
0.0,0.0,0.01157658863067627,0.004024100922048092,0.05352509665489197,0.006634971998631954,0.012538961552083493,0.0021266603309777563,0.0019938189731619786,0.002100051298039034,0.0015412733767007011,0.00044426019478123637,0.00011126092422637157
0.0,0.0,0.016973033905029297,0.02346660351753235,0.02932252335548401,0.006771688605542295,0.011170176275074483,0.0034562994567677377,0.002054193937801756,0.0013507934899826069,0.0016553709913569037,0.0003192744976258837,7.767675397917629e-05
0.0,0.0,0.03172422027587891,0.037608237981796265,0.006928500927984715,0.007292143642902375,0.0043476288234815,0.0021752914688549937,0.005165095497854054,0.0013959021907940042,0.0012776188039279076,0.0002906687262293417,6.419342925073579e-05
0.0,0.0,0.027541366577148438,0.03517710065841675,0.011876045539975167,0.005652766302227974,0.006231767646968364,0.0024895682939095423,0.0026500487753364724,0.001291392555605853,0.0007849232244479936,0.0002378494980512187,4.769539364497177e-05
0.0,0.0,0.029938767194747924,0.04349408507347107,0.00531097745988518,0.008912641734816134,0.005507732882164418,0.008701396140677388,0.0009487125986488536,0.001396468720107805,0.0008682613552373368,0.00016736739879706874,6.070341108716093e-05
0.0,0.0073362884521484375,0.038783611476421356,0.033752204239368436,0.02049471841752529,0.00519775228574872,0.009181766722351313,0.0017543924983474425,0.0011101896442705765,0.0010777509307372383,0.001077671326638665,0.00033897983987117184,2.4180696054827422e-05
0.0,0.006391525745391846,0.022866454660892488,0.05045813947916031,0.008495428204536437,0.003038462296128273,0.004046231687068939,0.0012996461590519175,0.0014433375466032885,0.0008187807088834234,0.000869160642818315,0.0001182323504181113,5.66932845977135e-05
0.0,0.004738395214080811,0.0221721955537796,0.06009567582607269,0.00846299284696579,0.007946553975343704,0.0042982657589018345,0.0020729873646050693,0.001770287585328333,0.0009794611715187784,0.0005410518081916962,0.0001699638541904278,3.403416657238267e-05
0.0,0.003653578996658325,0.042171103954315184,0.0627141643166542,0.009425500467419624,0.001284836821258068,0.005408874419983476,0.0018947712255176156,0.0009716864847578109,0.0009634968356695027,0.0004567886629665736,0.00023762572885607368,1.7806396703235805e-05
0.0,0.0,0.05209113195538521,0.016649148672819136,0.00981867504119873,0.0030239415671676397,0.004736143928021193,0.0017482681495021098,0.0008156581770163029,0.0007294549231010024,0.000545172044163337,9.523648317554034e-05,5.548838578397408e-05
0.0,0.009524903297424316,0.03492235481739044,0.009653825163841247,0.011817404739558697,0.0011392217949032783,0.004670460373163223,0.0020518473859410732,0.0015732722770771942,0.0004938853893836495,0.00042065433971583843,0.0001297265266330214,1.739330228883773e-05
0.0,0.005434836864471436,0.03192363214492798,0.005889726161956787,0.020329887114465237,0.0017793828062713146,0.004042680185288191,0.001609673893195577,0.0007982140454114414,0.0007282937840500381,0.0005420221074600704,8.236366423079744e-05,1.4035035186680033e-05
0.0,0.021776866912841798,0.016483005166053773,0.00791543459892273,0.0046087768264114854,0.0032065401673316957,0.003121624313062057,0.0011276956386864186,0.0008960861279629171,0.0006120122180436738,0.00046639970963587983,8.963658547145315e-05,1.5817948995390908e-05
0.0,0.020967005729675293,0.015159357309341431,0.012262897968292236,0.004858138471841812,0.00025461783073842527,0.0038194507975131274,0.001242948713246733,0.0007742630388820543,0.0003478620696987491,0.0005943135366542264,8.468861470464617e-05,2.1717541152611375e-05
0.0,0.015726548194885254,0.029540443539619446,0.007997392036020757,0.0033624415695667265,0.0017974219061434268,0.0038273102678358555,0.001785557025228627,0.0008482737268204801,0.00041887078306172045,0.00037274792979587803,5.7228927558753636e-05,1.8106130504747853e-05
0.0,0.013079292297363281,0.03380050653219223,0.006884767889976501,0.00457893130928278,0.00340315574593842,0.004605503190075979,0.0011901722685433924,0.000781912376609398,0.0003388492814847268,0.00034540796594228595,5.1778192253550514e-05,3.2004555396270008e-06
0.0,0.0015127633810043334,0.04736888664960861,0.007194667398929596,0.0035659071737900376,0.0015279027353972197,0.004710814990452491,0.002599593740596902,0.000690038537606597,0.0006333903123158962,0.00014723223377950489,4.36433105787728e-05,6.3853829633444544e-06
0.0,0.018380760192871094,0.03792223024368286,0.010564843833446502,0.0034144333973526956,0.0022447070684283974,0.0018908184187312145,0.0018271202607429587,0.00045297304762061683,0.000744742474227678,0.00014167246577562764,3.886322656762786e-05,3.0308630666695534e-06
0.0,0.012679908752441406,0.05031581330299378,0.001957982838153839,0.0060438312292099,0.002243467976921238,0.0032031860635615885,0.000527528068749234,0.0010377821961883456,0.0004651247791480273,0.0002837613787851296,8.447174786124378e-05,3.208980633644387e-06
0.0,0.00813255000114441,0.04233011949062347,0.014244124472141266,0.00394840656220913,0.002067079120548442,0.0021644359106430784,0.0004619629820808768,0.0009222802707226947,0.0002604145443910966,0.00018817676173057407,6.468513727304526e-05,2.398437471129e-06
0.014176405906677247,0.01661777091026306,0.029090842366218568,0.004451298016821966,0.0026040749438107015,0.008321357507957145,0.0009308870397508144,0.0005905345787759871,0.0010842299937212374,0.00019365794921759517,0.00021825876424554736,3.652610976132564e-05,8.195696049369872e-06
0.009363508224487305,0.012202094469219446,0.018191360563039778,0.012663903549313545,0.007192036058753729,0.002258028608513996,0.0027514303792268036,0.0011797303325147368,0.0007001401301240549,0.00020726533891865984,0.0001256940182938706,4.005322139710188e-05,3.835145093034953e-06
0.004388851165771484,0.020077069997787477,0.012624853521585464,0.00415626835078001,0.008068588852882386,0.0032521721296943722,0.0021332296764594505,0.0012760560419410468,0.000340428082505241,0.00014243111381074413,0.0001520803420280572,2.5508845108561216e-05,8.99181526619941e-07
0.004694299221038818,0.015769170999526978,0.008798732757568359,0.01506523608416319,0.004453864112496376,0.001298338164575398,0.001991910193813965,0.0005185156769002788,0.00022158314276020974,0.00021822951367357746,0.00011385421105660498,1.841551112011075e-05,4.724793659988791e-06
0.0,0.014999995470046996,0.023400744557380677,0.010568676417693495,0.0029657558239996433,0.003296808373183012,0.0023424502059351654,0.0008316176754888147,0.00019927940424531698,0.000259146741242148,0.0001682041482126806,4.0353937656618654e-05,3.3300463983323425e-06
0.0007762404680252075,0.017150232315063477,0.003514623999595642,0.03187846008501947,0.0033482099920511244,0.0015313861246686428,0.002248315911740065,0.00017519308195915073,0.0004886253094882704,0.0001682359209517017,0.00010469664708944037,6.710379404830746e-05,8.333149016834795e-07
0.0,0.009270987033843995,0.02937894970178604,0.013387159463018179,0.00932188681140542,0.0018462531007826328,0.0023196679538814353,0.0014452465284848586,0.00038569857593392953,0.00030996106992824937,0.00010161974627408199,3.4935221978230404e-05,4.022929642815143e-06
0.0,0.010481601595878602,0.03451309014111757,0.0037662357930094005,0.00865264167264104,0.0014557490088045596,0.0018166147627634928,0.0005711997697944753,0.0003467938302201219,0.0002626330975908786,0.00017619838225073182,4.511015885509551e-05,2.7200796466786416e-06
0.0,0.022293503522872925,0.008939767241477966,0.021155430644750596,0.007314099451526999,0.0028302705734968184,0.0016194728009868414,0.000947328730893787,0.000506483535427833,0.0006030495885352139,0.0001295480811386369,3.247858840040863e-05,5.3118359646759926e-06
0.0,0.022277734637260436,0.01884059536457062,0.0216591407507658,0.012704598974436522,0.0010601499868789688,0.002272356096538715,0.000943473456252832,0.00014620226074475796,0.00014402492030058056,0.00016187265803455374,2.8890433313790708e-05,6.0625994810834526e-06
0.0,0.022110351741313934,0.030757218569517134,0.004202793411910534,0.015580977585166692,0.0021926157670095563,0.0014944745800457896,0.0006731709000596311,0.00025767749483929947,0.0001764032256323844,8.006390987429767e-05,2.9015465377597138e-05,2.901367639424279e-06
0.001313345432281494,0.018859237730503083,0.03055807466804981,0.003984626263380051,0.0119842050075531,0.0037706310623325406,0.0005749957252992317,0.000867990706465207,0.00024085623153951018,0.0002053532733116299,7.929046152275986e-05,3.1649620446842166e-05,6.288177683018148e-07
0.00022543051838874818,0.02447853535413742,0.023107682280242445,0.005842649832367897,0.009577229648828506,0.0020672916108742355,0.000765883061219938,0.0011164973392151297,0.00026249203842598946,0.00015262112588970922,6.31030409131199e-05,2.3861518420744688e-05,4.556954081635922e-06
0.000695819079875946,0.03693811047077179,0.0009500710666179657,0.006092998571693898,0.009388990055769682,0.0027541596121154724,0.0018175693615339696,0.0004699664514628239,0.00021131874862476252,0.0001041821984690614,5.8556226489599793e-05,2.908051121630706e-05,3.2664022292010485e-06
0.0008853263854980469,0.023896772861480713,0.013461668312549592,0.006948734544217587,0.012150584273040294,0.0021442861575633287,0.0015973195363767445,0.00022696767956949772,0.0002493371159071103,0.00020434392668539658,7.86503761773929e-05,3.471702287788503e-05,4.807329794857651e-06
0.013853265285491943,0.00810283374786377,0.012627948589622974,0.013746151192113757,0.009577270332723856,0.0027529012272134424,0.0017205733831506223,0.00043979128717910496,0.00022378202152322047,0.00012825956694723572,8.121964981546626e-05,2.120997034944594e-05,9.544137748889625e-06
0.009116441190242767,0.01497483003139496,0.008903454519808292,0.010343018025159835,0.007641931075137109,0.0028709911266341804,0.0018492674162844196,0.00037547360779717563,0.00026169396127806975,7.235566969029605e-05,6.220693935756571e-05,2.1334832708816976e-05,0.0
0.00820108985900879,0.010933175664395094,0.01635213329643011,0.014386205654591321,0.006539461863983888,0.003844045599922538,0.0011816808807197958,0.0005548804171266966,0.0002232986778835766,6.52728047571145e-05,7.275496920919977e-05,2.4648330552736298e-05,2.556386752985418e-06
0.0009747524857521057,0.011164076387882233,0.02837238122522831,0.01119512902572751,0.0036629953822121023,0.0022076591472141444,0.0013619977160124108,0.00036646767758065834,0.00028938904347887727,6.013247853843495e-05,7.860302698099985e-05,3.6901818326441574e-05,1.0278228437528015e-06
0.0004887767136096954,0.011377861134707928,0.03016563469171524,0.014377546943724156,0.0028144987151026727,0.0015576245782431214,0.0013817411542404443,0.0008879480480100028,0.0001161488457582891,3.7392486847238614e-05,0.00017709410609677433,3.1190119654638693e-05,1.0748563800007105e-06
0.0017506667375564574,0.010202240735292434,0.029660381615161897,0.012813113134354353,0.0031119746714830397,0.0020058890297077595,0.0014421542352065443,0.0006210692304885015,0.0003244328498840332,6.928734440589324e-05,9.380494602373801e-05,3.924910706700757e-05,0.0
0.00039569175243377684,0.010630611300468445,0.03358495550975203,0.008733140828087927,0.009641612224280834,0.0010944094033911824,0.0011818781323381699,0.0006904446843545884,0.00026362071436597035,8.555011946009472e-05,0.00011917115014512092,2.9361799359321593e-05,2.24984553642571e-06
0.0001732567846775055,0.0015284439977258444,0.026436073794960976,0.024048306139186026,0.004971555477008224,0.0015049658231437205,0.0017347111214185134,0.0009633843007613905,6.625234891544096e-05,7.263207598589361e-05,0.00012712852712138556,3.7883143668295816e-05,0.0
0.0001401796042919159,0.02051723466068506,0.01889374490082264,0.004327117830514908,0.008705053502693773,0.0026550893182866273,0.0013144390748348086,0.0007455993604380637,5.7497372443322096e-05,0.0001401301163714379,3.1126712012337524e-05,2.472972244140692e-05,6.2275463424157355e-06
0.00024390585720539094,0.025951016940176486,0.02216021533124149,0.005820426560938358,0.011341295930556952,0.002180427374318242,0.000560339496936649,0.00013639516080729663,0.0002167148673615884,7.937933661742136e-05,6.02164079900831e-05,3.3881158160511404e-05,0.0
0.00025191783905029294,0.021583614245057108,0.021496798940002917,0.006331245773471892,0.011503748999908567,0.001052547039464116,0.001624158508639084,0.0008935085749253631,5.2912256796844305e-05,6.381153032998555e-05,3.84294747345848e-05,2.0685131603386252e-05,0.0
7.127421535551548e-05,0.017759299889206888,0.022365875555202364,0.01247198617272079,0.00776189149543643,0.0015509399735601618,0.0018704833154915832,0.00039106043102219703,0.00015115909656742587,4.076363978674635e-05,7.037565193604678e-05,1.956642311415635e-05,0.0
1.873458758927882e-05,0.017304773800075054,0.017353832084685564,0.012988178870640694,0.008098203903064132,0.002465599766699597,0.001243036249652505,0.00041492421575821934,0.00019531730154994875,9.023405431071297e-05,4.2091917799552904e-05,1.735602502594702e-05,0.0
1.0283348383381962e-06,0.02103156828135252,0.014333556165453046,0.009247156860306858,0.006744312083814293,0.003228675642400049,0.0016347538046538829,0.000295714010251686,8.466572320321575e-05,5.556422914378345e-05,8.335378547781147e-05,3.0595448159147055e-05,5.545653984881938e-07
0.0007356334701180458,0.01632074518920854,0.01489324490725994,0.009913620048202574,0.00904576206067577,0.0021167796400841325,0.0013588862649630755,0.0005559068582369946,0.00014334793476155028,4.546796553768217e-05,4.225482113542966e-05,7.858560304157436e-06,2.8603007667697967e-06
9.254346787929535e-05,0.011711264945566653,0.00792263312637806,0.01671044239681214,0.013296996173914522,0.0019087702347896994,0.001852760456269607,0.00032258710166206586,0.000133398283214774,2.4396309920120984e-05,8.519939958932809e-05,1.572608671267517e-05,4.08000749303028e-07
7.798446714878082e-05,0.010739947411231696,0.018107718028128147,0.010861222491599619,0.008273733319132589,0.0023359553311020137,0.00084632819815306,0.00034377451046020723,5.7380139885935934e-05,2.7194129768759012e-05,4.4582964852452276e-05,1.5995621593901888e-05,0.0
0.0035309082493185998,0.003541921250522137,0.021506848415359856,0.00961941788252443,0.007745012981817127,0.0021668471209704875,0.001516066895914264,0.0004045833626296371,0.0001059013047197368,6.392055083415471e-05,3.408942578244023e-05,1.2032397993607447e-05,0.0
0.0030973640903830526,0.004494159428402781,0.023577328452840447,0.0038487854916602372,0.009604299230501056,0.0026658767145127057,0.0005251215554890223,0.0004950051325722598,9.087187377735973e-05,5.7356493052793666e-05,2.2417080996092407e-05,1.0920143802650272e-05,0.0
0.005766072951257229,0.0006158161889761686,0.024926058715675027,0.012637121887877583,0.004676667507737875,0.0016544576594606042,0.0010879476758418605,0.00036515290904208086,0.00010933580360142515,0.00010243825725046917,3.487736920942552e-05,3.9096457941923294e-05,0.0
0.0016922154165804387,0.001965873474255204,0.024110872552264483,0.021351067388430237,0.0035107054831460117,0.0027961148899048566,0.0008618319891393185,0.0008352744408766739,9.125803568167612e-05,5.010776431299746e-05,2.0699315005913375e-05,1.964858709834516e-05,0.0
0.0037348757311701773,0.0016019776305183767,0.018724034852872138,0.017877622201107442,0.0045398185728117825,0.0020063842413946984,0.0005380877288989722,0.00039691705198492856,0.00012902048716205173,6.017394845548552e-05,2.1167868544580416e-05,1.4113239187281579e-05,0.0
0.005514641124755144,0.0009635995784774423,0.03354285015282221,0.0076682191560976205,0.005120409511961043,0.0017761004918720573,0.0007099760377313941,0.0003764760331250727,0.0001902176343719475,5.119673500303179e-05,2.399797772523016e-05,8.616673498181626e-06,0.0
0.004559207364916802,0.011623039179481567,0.019773377662873827,0.010129842418828049,0.0031007368750870226,0.001834259047638625,0.001293934622546658,0.00026969625873607585,0.00010532747785327956,7.412920153001324e-05,2.4254552758065985e-05,1.2616348540177569e-05,5.994495586492121e-07
0.0047992804981768136,0.013103545987047256,0.01663726171851158,0.011555442686658353,0.003912499148398638,0.002257440242683515,0.0012333263254258782,0.0005822000070475042,0.00010054997060797178,6.172885547857732e-05,3.2393050991231575e-05,1.7429010942578317e-05,0.0
0.0023925260156393052,0.00021440003160387276,0.03138416951149702,0.007069336957298219,0.0017203739546239377,0.0036136433528736233,0.0007896317061968147,0.0006980286778998561,0.000116120974853402,1.9963580256444404e-05,2.863574240473099e-05,1.8589083978440614e-05,6.569572724401951e-07
0.0022013635635375977,0.009257562707643956,0.018194879127666354,0.012020950289443135,0.00418169973930344,0.0019530265047214925,0.001423541431548074,0.0005367992012761533,6.436747344559989e-05,1.804644745425321e-05,6.7851737345336e-05,1.4325254072900862e-05,2.8548333793878554e-06
0.001157650113105774,0.007048921863315627,0.01741357856988907,0.013438723550178111,0.003081435473635793,0.0021854709377512336,0.0017025219893548637,0.00010795673547545449,0.00014411567844217643,5.635808996157721e-05,2.899928926490247e-05,9.576477663358673e-06,0.0
0.001023791491985321,0.004681092668324709,0.016800898626446722,0.006305427763611079,0.004331877308432013,0.002107544592116028,0.0008357721398351714,0.0002789623197168112,0.00022705830493941902,6.671037766500377e-05,4.170740564586595e-05,1.3749474281212314e-05,1.2910124496556818e-06
0.0009470895156264305,0.0044026970043778415,0.01514585311897099,0.00945368925947696,0.0019641581219621003,0.0032565663661807773,0.0009265089898835868,0.0002817950692260638,0.00017274258378893137,6.474882422480733e-05,2.7950284566031768e-05,5.380171700380742e-06,0.0
0.002382686883211136,0.0003178105391561985,0.020928542874753476,0.006388905161293224,0.004606462906580419,0.001656383723136969,0.000852860850689467,0.00041523956652963535,0.00010402524372329935,0.0001686737522832118,2.2841478436021134e-05,8.30717918870505e-06,0.0
0.001672038309276104,0.0007634157305583358,0.019457241564057766,0.008953468184452505,0.0022039544163271786,0.0025612000910041387,0.0009770362803246827,0.00033025185344740746,0.00021061404075589963,6.068953391513787e-05,3.62585685797967e-05,6.9342314964160324e-06,1.0691987117752433e-06
0.0,0.0022574433982372284,0.02066534098982811,0.009846977869281546,0.0008340535419993103,0.001915842432761565,0.0013781365645118059,0.0003744610713329166,7.528467971133068e-05,3.897850366774947e-05,3.256681634229608e-05,4.134240909479558e-06,0.0
0.0,0.0017695907503366471,0.016355250642867757,0.004035870626568795,0.0025286383465863765,0.0012963499997276813,0.0021232917737215758,0.00025387818523449823,0.00018377775169210509,2.560893041663803e-05,4.241393544361927e-05,7.734133687335998e-06,0.0
6.116705387830734e-05,0.008244039699435234,0.014776004381477833,0.0066821408388204875,0.0028255389682017265,0.0032906434084288777,0.000711469602654688,0.0004402857944369316,5.337210858124308e-05,2.5460972188739106e-05,5.6264490936882796e-05,6.901375250890851e-06,8.939821855165064e-07
4.039112851023674e-05,0.005676424026489258,0.01460033928602934,0.008060081029660068,0.0022955333651043476,0.0021152421096339823,0.00201523325080052,9.042730531655252e-05,3.493941921624355e-05,4.304656857857481e-05,2.0449303032364698e-05,2.7358494699001312e-06,9.715341730043293e-07
0.0,0.022550051793456077,0.008170845550135709,0.004774311676621437,0.0035057762471260505,0.003240610712207854,0.000396502357441932,0.0002528954305453226,2.8675569570623337e-05,2.4274837807752192e-05,3.4786050528055056e-05,2.5712144561111925e-06,4.589221498463303e-07
0.004404704093933106,0.01290661522001028,0.009484572505578399,0.004812522221356631,0.003158366267569363,0.0015673953576479107,0.0012261333113419823,0.00023978853569133206,6.712152116233483e-05,2.6860959158511832e-05,3.831033513415605e-05,7.898648429545573e-06,6.156965973787009e-07
