0.0,0.0,0.0,0.0,0.0,0.0,0.0,0.0,0.0,0.0,0.0,2.0973099395632743e-05,9.181903215358033e-05
0.0,0.0,0.0,0.0,0.0,0.0,0.0,0.0,0.0,2.430889569222927e-05,0.00022271293750964106,7.052740594372153e-05,0.0003764170360809658
0.0,0.0,0.0,0.0,0.0,0.0,0.0,0.0,0.0,5.610897485166788e-05,0.0004083306442189496,0.00029310373938642444,0.000649600247037597
0.0,0.0,0.0,0.0,0.0,0.0,0.0,0.0,2.00184783898294e-05,0.00019575613120105116,0.0005805034163640812,0.0004084549945546314,0.0007767375521943905
0.0,0.0,0.0,0.0,0.0,0.0,0.0,0.0,5.191738717257977e-05,0.00036126518645323815,0.000969007505918853,0.00029354896693257614,0.0010694317843590398
0.0,0.0,0.0,0.0,0.0,0.0,0.0,1.0560674592852593e-05,0.0,0.0005634125357028097,0.000888427501777187,0.00024464254974736834,0.0011019065338768997
0.0,0.0,0.0,0.0,0.0,0.0,0.0,1.0506086051464081e-05,8.808082481846213e-05,0.0006987348948605358,0.001107707561692223,0.00031549051601905374,0.0013476106735470239
0.0,0.0,0.0,0.0,0.0,0.0,0.0,0.0,8.126182807609438e-05,0.0010718290267977863,0.0009744165623851586,0.0006683617711532861,0.0012842017605144064
0.0,0.0,0.0,0.0,0.0,0.0,0.0,1.2055852450430393e-05,6.55498607084155e-05,0.0016263291100040078,0.0014297600005520508,0.0007493740730860736,0.0012287720811873441
0.0,0.0,0.0,0.0,0.0,0.0,0.0,2.2353366948664187e-05,0.0006641325108357705,0.0016923019929090514,0.002062975857959827,0.0005207443836552556,0.0013491200798307545
0.0,0.0,0.0,0.0,0.0,0.0,0.0,1.2760517187416554e-05,0.0011497069802135229,0.001830860837129876,0.0023343566932016984,0.0006420891060843132,0.0012126788882305846
0.0,0.0,0.0,0.0,0.0,0.0,0.0,0.0013573029602412135,0.0011879699161509052,0.0013759937587892637,0.0031072917580604554,0.0007216335987322963,0.0011528137350687757
0.0,0.0,0.0,0.0,0.0,0.0,0.0,0.001701554941246286,0.0025848763642134145,0.0031736292179266458,0.0025062693811778443,0.0008263655068876688,0.0010812163472437534
0.0,0.0,0.0,0.0,0.0,0.0,0.0004464605748653412,0.0006078422836726531,0.004445937146432698,0.0018402389592956751,0.0029795488154049964,0.0005706741315079853,0.0008807878659717972
0.0,0.0,0.0,0.0,0.0,0.0,0.00048768019676208497,0.005345778108399827,0.003356136554386467,0.004074899448460201,0.001983957325312076,0.0005468300173815805,0.0005256753211433533
0.0,0.0,0.0,0.0,0.0,0.0,0.005072333931922913,0.01124413062655367,0.0005790720290970058,0.0019245962704881095,0.00268512841174379,0.0005797735864471179,0.000454482689849101
0.0,0.0,0.0,0.0,0.0,0.00382276713848114,0.010820014148950577,0.001974284870084375,0.0026603474715957416,0.0020830757534713485,0.002255707500735298,0.0005850934171030531,0.0004816595453012269
0.0,0.0,0.0,0.0,0.0,0.008463774681091309,0.010128521978855134,0.0008933913558721542,0.003147638397000264,0.0023864692275528798,0.0021049686794576703,0.0006717000624048523,0.0007467265986342682
0.0,0.0,0.0,0.0,0.014878693580627442,0.0056600341796875,0.002224685788154602,0.0018243555761873723,0.0033406330473953858,0.0020444303319090977,0.0016546974099474027,0.0006896871594362892,0.0005721631636988604
0.0,0.0,0.0,0.0,0.00831775188446045,0.014366979241371154,0.0026151126697659495,0.004319418448023498,0.003024345847661607,0.0012902838247828186,0.0018090324591321404,0.0006265168128593359,0.0004674051288166083
