0.0,0.0,0.0,0.0,0.0,0.0,0.0,0.0,0.0,0.0,0.0,0.0,8.457613049540669e-05
0.0,0.0,0.0,0.0,0.0,0.0,0.0,0.0,0.0,0.0,4.576930962502956e-05,0.0001104523167014122,0.0005112461716344115
0.0,0.0,0.0,0.0,0.0,0.0,0.0,0.0,0.0,0.0,0.0001388847092166543,0.00026892728637903927,0.0008029301446513273
0.0,0.0,0.0,0.0,0.0,0.0,0.0,0.0,0.0,0.0,0.000377828031196259,0.0003847444449784234,0.0010319031361141241
0.0,0.0,0.0,0.0,0.0,0.0,0.0,0.0,0.0,3.6333941388875244e-06,0.00045606502797454593,0.0007056671677855775,0.0013366158085991629
0.0,0.0,0.0,0.0,0.0,0.0,0.0,0.0,0.0,8.124208031222224e-05,0.0006684234442654997,0.00044180334196425975,0.0013852660924312658
0.0,0.0,0.0,0.0,0.0,0.0,0.0,0.0,0.0,2.2200539708137513e-05,0.0011124140231404454,0.00043059938721125946,0.0017868222905090079
0.0,0.0,0.0,0.0,0.0,0.0,0.0,0.0,0.0,0.00028473567962646485,0.000938345363130793,0.0005641910505946726,0.0017719459966756403
0.0,0.0,0.0,0.0,0.0,0.0,0.0,0.0,0.0,0.0003284305399283767,0.002085780801833607,0.0010032477173954248,0.0017846198988700052
0.0,0.0,0.0,0.0,0.0,0.0,0.0,0.0,0.0,0.0011442365651018918,0.0019878127240226602,0.0011138074600603432,0.0018022198108083103
0.0,0.0,0.0,0.0,0.0,0.0,0.0,0.0,0.0,0.001561644091969356,0.002313160805031657,0.0009368092775694094,0.0017541119755187537
0.0,0.0,0.0,0.0,0.0,0.0,0.0,3.968642093241214e-06,0.0,0.0024437767384806646,0.0026431272412883117,0.0015348724601208232,0.0016531286649988032
0.0,0.0,0.0,0.0,0.0,0.0,0.0,0.0,0.001698842853307724,0.0025416156151331962,0.004703160755627323,0.0011481618501711637,0.001565148328896612
0.0,0.0,0.0,0.0,0.0,0.0,0.0,0.0,0.0017970430850982667,0.003981511519639753,0.0035071459902101198,0.0012057848168187774,0.001326842599461088
0.0,0.0,0.0,0.0,0.0,0.0,0.0,0.0004896170657593757,0.006053167805075646,0.002697033402626403,0.004559735788614489,0.0011554296703543514,0.0007966926147637423
0.0,0.0,0.0,0.0,0.0,0.0,0.0,0.00340244197845459,0.010898295298218726,0.0036157924421131612,0.0021084331643069164,0.0015380998132459355,0.0008341288710944355
0.0,0.0,0.0,0.0,0.0,0.0,0.0,0.006322292566299438,0.009833133333362639,0.003942018825910054,0.002485893165692687,0.0009181542366568465,0.0009705333992606029
0.0,0.0,0.0,0.0,0.0,0.0,0.008463774681091309,0.01026206760457717,0.0007631054371595383,0.004503599429968744,0.002493150533817243,0.0009130645479308441,0.0012104874655633467
0.0,0.0,0.0,0.0,0.0,0.0,0.020538727760314943,0.002224685788154602,0.0026458562016487123,0.002512361011642497,0.0025871372737456115,0.0007584744424675591,0.0010640768533048686
0.0,0.0,0.0,0.0,0.0,0.00831775188446045,0.014366979241371154,0.002540179669857025,0.0035406639836728575,0.0032612832291051747,0.0026981771017599385,0.0008453815454267896,0.0008471000082790851
0.0,0.0,0.0,0.0,0.0,0.010806742668151856,0.015723776578903198,0.0025202358663082122,0.005213556246832013,0.0018621489484794437,0.0034822845280286854,0.0005674100443138741,0.0006512550897314213
0.0,0.0,0.0,0.0,0.0,0.032547474861145016,0.015636466860771178,0.0053103921711444855,0.0017991984053514897,0.0028375214418629186,0.0020807643354928585,0.0007382336715818382,0.0004951319535903167
0.0,0.0,0.0,0.0,0.036491183280944826,0.015414824485778808,0.002701696902513504,0.006176634699106217,0.0009233403922989965,0.0027488233214244245,0.0020291809147165623,0.0005179643227020278,0.00026436148092034273
0.0,0.0,0.0,0.03362065505981445,0.01383360767364502,0.01712698173522949,0.008050317116081715,0.0035757980644702913,0.001789172957651317,0.0019566980841336772,0.0016997000713308808,0.0006437063493940513,0.0003493070384283783
0.0,0.0,0.011779805183410645,0.06644144248962403,0.0003306704759597778,0.0,0.010796524047851563,0.0014865846782922746,0.002673276923596859,0.00187445784494048,0.0013850115025124978,0.0005448191383620724,0.00020502000619308092
0.0,0.0,0.03972022485733032,0.015439665794372559,0.0,0.0022682907581329345,0.005557419538497925,0.0016526801763102413,0.0037228908594697714,0.001544617690029554,0.0013821595594927204,0.0005549251468619332,0.00013153327330655884
0.0,0.0,0.0423465518951416,0.014995962142944337,0.0,0.008575445413589478,0.0013437049388885498,0.002213160912040621,0.002118132706731558,0.0014597439432400279,0.0008885851865052246,0.0004286743480770383,0.00013664006639737636
0.0,0.022565052032470702,0.018473299026489257,0.015206287384033203,0.0,0.0027143917083740235,0.0011112043261528016,0.0019505572989583016,0.0016530907414853573,0.001856025526067242,0.0005498718328308314,0.0003459982221829705,0.0001375651104026474
0.0,0.0,0.046152358055114744,0.0,0.0,0.003946578025817871,0.0014403082723729312,0.002529809296131134,0.000945053472649306,0.001893021960684564,0.0005949756409972906,0.0002675237242947333,9.380045265424997e-05
0.0,0.0,0.04330827331542969,0.0,0.007164797306060791,0.0,0.0026905338764190673,0.0023377682268619538,0.001727931171655655,0.0021095110950991513,0.0007592033784021623,0.0002765177697292529,6.929537613177672e-05
0.0,0.011610102653503419,0.03497700881958008,0.0,0.004667587280273437,0.0,0.002877897024154663,0.0022834703661501407,0.0013074218556284904,0.002425702891428955,0.0005351020250527654,0.00018570116476621478,8.198290932341479e-05
0.0,0.04021575450897217,0.0,0.0,0.0030900640487670898,0.0,0.0026398403644561767,0.0017718327101320028,0.0009330123588442802,0.0017634342484525406,0.0004775483077974059,0.00014361335651483386,2.512832297361456e-05
0.0,0.018624889373779298,0.0,0.0,0.004237373352050781,0.0015355676412582397,0.00045468348264694216,0.0020018623042851688,0.001404216393828392,0.0008344640641007573,0.0005266301460796967,0.00016021396653377452,4.5181957277236504e-05
0.0,0.018353145599365236,0.0,0.0,0.0,0.001640302538871765,0.001369425930082798,0.0008836596123874187,0.0019275190830230712,0.0010990793492819649,0.0004288171908119693,0.0001197664386127144,2.057622669963166e-05
0.0,0.007023051261901856,0.015834156036376952,0.0,0.0,0.001761969804763794,0.0017914804816246033,0.0010405166279524565,0.002449496479704976,0.0004455938687606249,0.0003578234952583443,0.0001053478506510146,3.209484048420563e-05
0.0,8.02963376045227e-05,0.029576852798461915,0.0,0.0,0.0015433099269866943,0.0019382991045713426,0.0012542801573872566,0.0014369877828285097,0.0005201735971495509,0.0002716920787934214,0.0001335384960984811,2.4847395165124907e-05
0.0,0.026929134368896483,0.006061379432678223,0.0,0.001961425542831421,0.002051110029220581,0.0006530297240242362,0.0027141736950725315,0.0005578770558349788,0.00045386103668715804,0.00037909968249732627,5.0751030124956744e-05,1.6620785958366467e-05
0.0,0.037897445678710937,0.0,0.0,0.002456115737557411,0.0,0.00033464518189430236,0.0033269052729010583,0.0005573054030537605,0.0003429045213852078,0.0003912368492456153,7.765901362290606e-05,1.068036979995668e-05
0.0,0.02243769073486328,0.0,0.0,0.002167956829071045,0.0,0.0005560147166252137,0.0005256426595151425,0.0004073521941900253,0.00040540556400083005,0.0002746714718232397,8.51567555218935e-05,8.240559516707435e-06
0.0,0.0,0.012622271537780762,0.0,0.002037200927734375,0.0,0.0003315416723489761,0.000504844419658184,0.0005962595418095588,0.00018256606743671,0.0005817270735278726,5.836846827878617e-05,7.3553892725612965e-06
0.0,0.0,0.0,0.0,0.0,0.0,0.0006715400293469429,0.000528302114456892,9.008771611843259e-05,0.00018550072086509316,0.00015263149971724487,6.65513682179153e-05,1.2669926916714758e-05
0.0,0.0,0.0,0.0,0.0,0.0,0.0007292866632342338,0.0006035634411964565,2.7047015726566314e-05,0.00015023509261664003,0.00017098031769273802,8.241837008972652e-05,1.369720816728659e-05
0.0,0.0,0.0,0.0,0.0,0.0,0.0006595045700669289,0.0004768746607005596,8.71572270989418e-06,0.00020722059975378216,0.00014233162446180357,4.25241730408743e-05,2.2015444177668542e-05
0.0,0.0,0.0,0.0,0.0,0.0,0.0009139804169535637,0.00029575986042618753,1.6559602692723275e-05,0.00022778137761633843,0.00016444617277011275,4.036178093519993e-05,2.2938076843274758e-05
0.0,0.0,0.0,0.0,0.0,0.0,0.0006585585996508598,8.573702722787857e-05,1.1900914832949639e-05,0.00018034186027944088,0.00019571352718048728,4.1233584255678576e-05,9.618516662158072e-06
0.0,0.0,0.0,0.0,0.0,0.0002465798705816269,0.0004791807383298874,4.532221704721451e-05,0.0,0.00019887446449138224,0.0001731200649519451,1.834219731972553e-05,4.674779425840825e-06
0.0,0.0,0.0,0.0,0.0,0.00031873148679733274,0.000531760074198246,6.764426082372665e-05,0.0,0.00010815976554295048,0.000133484220597893,1.4842407050309703e-05,6.329078052658587e-06
0.0,0.0,0.0,0.0,0.0,0.0,0.0006981465071439744,6.306641548871994e-05,0.0,9.007821453269571e-05,0.00013513144536409527,1.131155079929158e-05,5.735298618674278e-06
0.0,0.0,0.0,0.0,0.0,0.0,0.0009654472470283508,6.559605151414871e-05,3.5525765269994736e-05,4.280547151574865e-05,0.00018446079292334616,5.263561324682087e-06,4.295318969525397e-06
0.0,0.0,0.0,0.0,0.0,0.0,0.0006468708664178848,5.486573278903961e-05,3.395180031657219e-05,7.67560841049999e-05,2.1653234027326107e-05,7.342418073676527e-06,4.068596172146499e-06
0.0,0.0,0.0,0.0,0.0,0.0,0.0007600475177168846,8.434655517339706e-05,8.055429812520742e-05,5.764966376591474e-05,4.995301831513643e-05,6.382152205333113e-06,0.0
0.0,0.0,0.0,0.0,0.0,0.0,0.0004877716302871704,0.00010352372378110885,5.3381036501377824e-05,2.8579907957464458e-05,4.2921483574900776e-05,6.794126849854365e-06,2.4924106255639346e-06
0.0,0.0,0.0,0.0,0.0,0.00037164568901062013,0.0005818270593881607,9.359027445316315e-05,5.118140578269959e-05,5.5737862072419375e-05,7.271566486451775e-05,2.144833706552163e-06,7.4517211178317664e-06
0.0,0.0,0.0,0.0,0.0,0.00037508177757263186,0.0008018126040697098,0.0,5.7211331091821194e-05,4.9872780917212364e-05,2.2817866964032874e-05,7.431566948071122e-06,2.5013460544869305e-06
0.0,0.0,0.0,0.0,0.0,0.0,0.0011135438308119774,0.0,1.9694158341735602e-05,2.9790473170578478e-05,2.8762181696947662e-05,2.8539240593090654e-06,5.666672368533909e-07
0.0,0.0,0.0,0.0,0.0,0.0,0.00071326744556427,0.0,2.3543116636574268e-05,5.285219382494688e-05,6.225685196113773e-05,1.2567314668558537e-05,1.9620737875811757e-06
0.0,0.0,0.0,0.0,0.0,0.0003100547194480896,0.0002401857450604439,0.0,3.218382317572832e-05,3.46570850815624e-05,7.011390698608011e-06,3.7232565227895974e-06,4.3445368646644056e-07
0.0,0.0,0.0,0.0,0.0,0.00015081609785556793,7.376562803983689e-05,0.0,2.6446033269166946e-05,4.958905495004728e-05,3.1958813779056073e-06,4.202994680963457e-05,6.478470168076455e-07
0.0,0.0,0.0,0.0,0.0,0.00020891021192073823,0.00014737479388713838,0.0,2.293403632938862e-05,4.537520423764363e-05,1.3043057813774794e-05,3.1085823429748416e-06,2.4147091899067163e-06
0.0,0.0,0.0,0.0,0.0,0.00040876397490501406,0.0001514117270708084,0.0,1.9520880188792944e-05,3.823137376457453e-05,1.2362082139588892e-05,9.725365962367506e-07,0.0
0.0,0.0,0.0,0.0,0.0,0.0003634993135929108,0.0001520658880472183,0.0,1.267227833159268e-05,3.376986755756661e-05,7.092641724739224e-06,8.075726800598204e-07,2.8843352338299155e-06
0.0,0.0,0.0,0.0,0.0,0.0003813730478286743,0.0002204820066690445,0.0,4.861086164601147e-05,6.713714101351798e-07,8.492934517562389e-06,4.620359977707266e-06,3.685832489281893e-07
0.0,0.0,0.0,0.0,0.0,0.00019762857258319856,0.00024847684800624847,0.0,4.906155576463789e-05,2.4644233053550125e-06,6.501408468466252e-06,1.0588158038444818e-05,0.0
0.0,0.0,0.0,0.0,0.0,9.805065393447876e-05,0.0001886957436800003,0.0,5.8904365869238975e-05,3.633042855653912e-06,6.580070999916643e-06,4.080400802195072e-06,0.0
0.0,0.0,0.0,0.0,0.0,0.0002676793336868286,0.0001978575736284256,0.0,4.572710883803666e-05,4.47578850435093e-06,2.3784062184859067e-05,3.267448610858992e-05,5.46746188774705e-07
0.0,0.0,0.0,0.0,0.0,0.00040378211438655854,0.0,0.0,5.17645503859967e-05,0.0,4.6301509923068806e-05,7.360503077507019e-07,1.7285108333453536e-06
0.0,0.0,0.0,0.0,0.0,0.0003382764831185341,0.0,0.0,6.918714568018913e-05,5.113857565447688e-06,4.074041207786649e-05,3.7530550616793336e-06,2.3066054563969374e-06
0.0,0.0,0.0,0.0,0.0,0.00044311479479074476,0.0,0.0,4.511171206831932e-05,9.787321323528887e-07,1.1861585779115558e-05,0.0,2.8349854983389378e-06






























