0.0,0.0,0.0,0.0,0.0,0.0,0.0,0.0,0.0,0.0,9.027013927698135e-05,0.0,0.0002809546359058004
0.0,0.0,0.0,0.0,0.0,0.0,0.0,0.0,0.0,0.0,0.0004947359133511782,0.00026349364034831523,0.0021450613841007
0.0,0.0,0.0,0.0,0.0,0.0,0.0,0.0,0.0,1.2557584792375564e-05,0.0008550231391564011,0.0010524081345647572,0.003373730665480252
0.0,0.0,0.0,0.0,0.0,0.0,0.0,0.0,0.0,0.0,0.0015908267442137003,0.0016572146508842707,0.004613422443741001
0.0,0.0,0.0,0.0,0.0,0.0,0.0,0.0,0.0,0.0,0.0037143813558504915,0.0021117335358867423,0.005712745106720831
0.0,0.0,0.0,0.0,0.0,0.0,0.0,0.0,0.0,0.00026496601104736327,0.0043521937037585305,0.0029935597627190873,0.006209882604074664
0.0,0.0,0.0,0.0,0.0,0.0,0.0,0.0,0.0,0.0017883438151329756,0.0055151255973614755,0.0024182726027211173,0.006846523516083835
0.0,0.0,0.0,0.0,0.0,0.0,0.0,0.0,0.0007490223646163941,0.0031733064011204987,0.00631212080118712,0.002760061826556921,0.006818039356963709
0.0,0.0,0.0,0.0,0.0,0.0,0.0,0.0,0.0014166779518127442,0.0053049536547623575,0.00947568479180336,0.0027660578188369984,0.007050541808770504
0.0,0.0,0.0,0.0,0.0,0.0,0.0,0.0,0.0021879149451851845,0.006803485055454075,0.0110917993230687,0.003745390189898899,0.006729774834457203
0.0,0.0,0.0,0.0,0.0,0.0,0.0,0.0,0.0021732791058020665,0.011502127042418578,0.011798855580331292,0.0038815022022172345,0.006657105424368637
0.0,0.0,0.0,0.0,0.0,0.0,0.0,0.0012610969543457031,0.01604572907090187,0.01334356186678633,0.013281867049634457,0.004196405115653761,0.006507816506316886
0.0,0.0,0.0,0.0,0.0,0.0,0.0,0.0232791063785553,0.007151934475288726,0.01715031429938972,0.015419796465546825,0.005555698185402434,0.005366351759570534
0.0,0.0,0.0,0.0,0.0,0.0,0.0,0.02940338683128357,0.012668144837021828,0.01835343249887228,0.014747112147539156,0.0047876521877478805,0.004577207861613715
0.0,0.0,0.0,0.0,0.0,0.0,0.024594144821166994,0.021344503462314604,0.017269030125811696,0.017178204745519905,0.01474649316931027,0.00531110922069638,0.0031225550511735493
0.0,0.0,0.0,0.0,0.0,0.012121423721313477,0.02189614486694336,0.039506188809871674,0.007636887475848198,0.02107329591049347,0.012707434887299314,0.005069710101262899,0.0034062660439667524
0.0,0.0,0.0,0.0,0.0,0.04782404804229736,0.02177803659439087,0.05863573943078518,0.014830326195806265,0.02086908553377725,0.013222116596763953,0.005143428739305818,0.0032005821936472783
0.0,0.0,0.0,0.0,0.05317318344116211,0.059509563446044925,0.0509264360666275,0.010100861713290214,0.0279786062464118,0.02178744996106252,0.012969819666090189,0.005265969480999047,0.004317107045935699
0.0,0.0,0.0,0.0500632209777832,0.07489781188964843,0.019618607521057128,0.0454885061532259,0.03274261376261711,0.02803704694379121,0.02290395898919087,0.014379306172340876,0.005208939477117383,0.003496420742230839
0.0,0.0,0.0,0.054238137245178224,0.11115606880187988,0.04007280874252319,0.041693936228752136,0.028834235686808825,0.03837930654291995,0.015229294330871198,0.014668756633443992,0.004360434748552507,0.0028106097595591564
0.0,0.0,0.0402121467590332,0.10818172264099121,0.02549842071533203,0.06750057649612427,0.005780104837496765,0.04388528409134597,0.03113912028260529,0.017327729369339066,0.014486307037674123,0.003637967107904842,0.002191712178682792
0.0,0.0,0.06305886268615722,0.1646776885986328,0.0360143541097641,0.024875670988112688,0.037040917307138446,0.04957649016752839,0.0159004807487363,0.019369798739964608,0.012732592342741555,0.003314802104636328,0.0018097067744092784
0.0,0.0,0.19657899188995362,0.1444959831237793,0.039272679150104524,0.05793625111877918,0.058402691140770915,0.028043332399218343,0.034783525377511976,0.017907968081650325,0.011149282231373946,0.0026770402138645297,0.001449293734098319
0.052363597869873046,0.14005113220214843,0.13604047870635985,0.03212679386138916,0.06276146984100342,0.040929051399230955,0.05975123193114996,0.025338896676898003,0.030433334716712123,0.013807307952723932,0.012262973616918317,0.002171641375985928,0.001121857780002756
0.0699224090576172,0.03785986709594726,0.06833628559112549,0.13809379196166993,0.08085602188110351,0.02789379495382309,0.09774927555024623,0.040043003750965,0.025208680807147176,0.01453896525944583,0.009017516961495858,0.002146988554042764,0.0009705269644036889
0.08221339416503906,0.044021461486816404,0.12796447610855102,0.07579837560653686,0.14616650009155274,0.07979937362670898,0.05313169230520725,0.053150195084512235,0.01583842546044616,0.011504430251719896,0.00807524918107083,0.0019430413692025467,0.0010145361448230688
0.0,0.045944374084472654,0.23723639678955077,0.17887562915682792,0.13876951110363006,0.02690070652216673,0.07103455502539874,0.040600225001573564,0.014722912880592048,0.011272811558796093,0.00731435310546658,0.0018435887983359862,0.0006969683764182264
0.055779052734375,0.07981559932231903,0.20501854705810546,0.14870873069763182,0.07149960374832154,0.04744027242809534,0.09961524771992117,0.03413098981650546,0.013078646365553141,0.009887512462679297,0.006671768145053648,0.0016539534587063827,0.0006454295965086203
0.09217435145378113,0.11828918862342834,0.13529994201660156,0.16062682217359542,0.15187080454826354,0.05096148217422888,0.08338702195882797,0.055664691318641414,0.014518713483586907,0.009225289994821652,0.006264850918087177,0.0011492126684170215,0.00041276797407772394
0.12761899375915528,0.18266425624489785,0.12829906845092773,0.21626998513936996,0.07541813865303994,0.07792741261422634,0.09492888958379626,0.04148211626149714,0.015161581481050235,0.010624023427721114,0.005435401722439565,0.0009978091344528366,0.0003919592737802304
0.13942953300476074,0.19313694000244142,0.14543684029579163,0.2168647853732109,0.1250988566111773,0.062004187934100626,0.10687227113638073,0.028082565127871932,0.016669921126333066,0.008783695184218232,0.005265240818000166,0.0009975998259033076,0.0003900962895713747
0.13146246147155763,0.21691816401481628,0.1355969886444509,0.21071008658409118,0.08147542149201036,0.08090957621647976,0.040304954268038276,0.03242906630062498,0.011674696518748534,0.008885333307611291,0.004781166929664323,0.0007944647173862904,0.0003045976874127518
0.10732441473007202,0.24329854679107665,0.10744105172157288,0.24742287202179433,0.07313785388472024,0.05991856312006712,0.055953190924599765,0.030020113372826018,0.009835851352894678,0.007664173258002847,0.004292532895924524,0.0005247929063043557,0.0002441252539283596
0.07340383434295654,0.18575003433227538,0.1745199263393879,0.23218776852218434,0.07356860792636871,0.09766668716818094,0.04250703689455986,0.03284914057329297,0.013567109936615453,0.0076973206482362005,0.003906149778747931,0.0006497283693170175,0.00018353003045194782
0.05851761654019356,0.1538597633242607,0.30645631411671637,0.24447821351885796,0.06016250091046095,0.05521528688818216,0.046233372973510996,0.031015032630064526,0.01008827725169249,0.00801050422602566,0.003734693628968671,0.0005548914200044237,0.0001615481974731665
0.0736542387008667,0.187520475063473,0.2907405448108912,0.2565334436148405,0.05537734594941139,0.05225689662992954,0.04508916844241321,0.02556304429564625,0.01160201023396803,0.005779883729061111,0.0034627213581698017,0.0006307797646441032,0.00014058705716161058
0.07173307347297668,0.22289665016718208,0.30859475165605543,0.23034933015704154,0.0706929280012846,0.06455015814281069,0.06904431478638434,0.02381768475851277,0.012061001858441158,0.005669537622685311,0.00347664416427142,0.0006596431188081624,0.0001529723227431532
0.04418346603214741,0.39716784256044774,0.3533329689502716,0.20964420047402382,0.08074606046080589,0.057634826898574826,0.03673075491376221,0.022675251178559848,0.008835208907170454,0.007622307541489136,0.003059287071606377,0.0004812689473910723,0.0001531046446179971
0.07663341349363327,0.2860861102938652,0.22020196664333344,0.24889377143979072,0.09509620393812657,0.05646569769829512,0.049136467904783786,0.017826190455816685,0.00964758024684852,0.007380288038111757,0.00207852881445433,0.0005437021487741731,7.877997608738952e-05
0.08468150398135185,0.2559638109728694,0.26803915557265284,0.2059963868893683,0.08635853096842766,0.06235100006032735,0.038824544893577694,0.016904000767681282,0.01105582434614189,0.004798650322307367,0.001991281437309226,0.00045047853302094154,8.515066420659424e-05
0.0597862523496151,0.30895779942628,0.44969396386109295,0.12977909784764052,0.08541852568555623,0.03357661577058025,0.04078929161187261,0.01484471848141402,0.008820039423648268,0.003896206836856436,0.0012072041873179842,0.00031536913974559863,6.818498478969559e-05
0.06486594866961241,0.19729622048605233,0.37501009982824324,0.14097890811786057,0.05828863399662077,0.08062022582488135,0.056207787071121854,0.01088527447031811,0.009617657804803456,0.002706064270401839,0.0008746016894292552,0.0002535341918701306,4.432658018777147e-05
0.05697556877322495,0.23124452446913346,0.3641399034559727,0.1409611170217395,0.08025493981235195,0.036977306264452635,0.024617047128267587,0.016184732828172853,0.003615031201741658,0.002517087793938117,0.0016205453363072593,0.0002923492563131731,6.664680337416939e-05
0.1104003895521164,0.2740604277588427,0.3259385320544243,0.13542035707086325,0.05755648136138916,0.04142665793001652,0.02572890957677737,0.01110327638592571,0.0041639569533290345,0.003257249533315189,0.0009642300654086284,0.0002019725298450794,5.621281737694517e-05
0.07113698439660948,0.2169167022295296,0.34369114332459866,0.1678127213139087,0.03783821263164282,0.027191499130800368,0.033875625221757216,0.008763473127502948,0.004642521136207506,0.002126731764583383,0.000683809390058741,0.00014822850670316256,0.00020143231470137835
0.016970732279121877,0.2354618684872985,0.34537352923012804,0.0860541696185246,0.04157333436980844,0.03950258818164002,0.020197253581078257,0.006319008566264528,0.003559629182564095,0.0023102381491917185,0.0009107445940026082,0.00022753836787887849,4.2112414696021005e-05
0.016871771646663546,0.14112385082244874,0.33548960714694115,0.10587778420432005,0.05128826281242073,0.029161536681465806,0.021265406790189446,0.006251637339126319,0.0023753980345791207,0.00220703443561797,0.0007067773744056467,0.00020010589150479063,2.5208548846421764e-05
0.016871771646663546,0.14112385082244874,0.33548960714694115,0.10587778420432005,0.05128826281242073,0.029161536681465806,0.021265406790189446,0.006251637339126319,0.0023753980345791207,0.00220703443561797,0.0007067773744056467,0.00020010589150479063,2.5208548846421764e-05
0.008883670907467604,0.19677992855757476,0.18282362508773803,0.2741204363312572,0.039296897105872634,0.02673330984916538,0.017208642941899596,0.005428691798821092,0.001738419656874612,0.0017225413939449936,0.0003997534312075004,0.00011207078813458792,5.8593636436853556e-05
0.039096959993534255,0.14121209106501192,0.13009277161955835,0.31960784639418127,0.037495441497769205,0.020759585906751452,0.016429333640844562,0.004451852463535033,0.002791157871193718,0.0009276743415102828,0.00031856107726343906,0.0001224959852406755,2.5481830525677652e-05
0.0008593610972166062,0.101666720923502,0.2252446898072958,0.291346673944965,0.026750597508624196,0.027364450722932816,0.01352414121851325,0.003920546312350779,0.0014192951291042847,0.0014829605694976636,0.0003065070472366642,9.492955708992668e-05,2.247918798821047e-05
0.003751844085752964,0.17669907743111252,0.19657098208367824,0.2828468210529536,0.02117383218370378,0.021903920936863868,0.015355666688177734,0.005034254628233612,0.001812887785374187,0.0012248045652522705,0.00037026465681265107,5.481426589540206e-05,4.3309006752679126e-05
0.01034005279839039,0.1095776640996337,0.18541897894244175,0.23057260388508438,0.030568314713193104,0.02324788547458593,0.014903674420085736,0.0038699172431370245,0.0013914383151277434,0.0008793817432306241,0.00023570752315572462,7.447594430414029e-05,1.5784144954523072e-05
0.02938226468116045,0.1637854954288341,0.15116437126696108,0.25658182792644946,0.021257802890613676,0.021620684031397105,0.011190071794146206,0.004342069229111075,0.0007723080868890975,0.000692245291575091,0.00030142566445283593,5.429556855233386e-05,1.9638178666355088e-05
0.016838638128712773,0.09633643497567392,0.1572607467249036,0.3761477685496211,0.02813049266859889,0.017591504683252424,0.009655700713163242,0.004559903375455178,0.0009339365588966757,0.00036237826436990873,0.0002462880494422279,7.624532000045292e-05,3.559077941463329e-05
0.022173006494529544,0.12424175967415794,0.10045356026929221,0.26505234238132835,0.030624452643096448,0.016370136220008134,0.010615561656653881,0.003866790617175866,0.0010564992495346814,0.00046887290303129704,0.0001945739844813943,6.49102928582579e-05,4.712777520762757e-05
0.030994218587875367,0.10491511277668178,0.09218270154297352,0.2983209943138063,0.02691063876450062,0.01317872094042832,0.009281940917600878,0.0036543015304487197,0.0007339505536947399,0.0003446458455291577,0.00020756637622253038,4.9610704096267e-05,5.917345231864602e-06
0.021618415055330843,0.05726339564984664,0.3959985599126667,0.06130538319610059,0.025332659686449915,0.013676292766118422,0.007537690698751248,0.0031811000782763586,0.0007006716595496982,0.0004865811610943638,0.00019232401237240994,9.315791857079602e-05,9.693478525150567e-06
0.010911265574395656,0.07458945523109287,0.36279950333386657,0.0685817889533937,0.028082879963913,0.009894682721234858,0.007903180010267533,0.0022413453001645395,0.0009218727785628289,0.0005801969532330986,0.00017685706948395818,0.00013068556948564946,4.538255446823314e-05

