0.0,0.0,0.0,0.0,0.0,0.0,0.0,0.0,0.0,0.0,0.0,0.0,4.172973780077882e-05
0.0,0.0,0.0,0.0,0.0,0.0,0.0,0.0,0.0,0.0,8.951495587825776e-05,9.510691091418266e-05,0.00036230814782902597
0.0,0.0,0.0,0.0,0.0,0.0,0.0,0.0,0.0,0.0,0.00010194074921309948,5.464806454256177e-05,0.0008266598714399151
0.0,0.0,0.0,0.0,0.0,0.0,0.0,0.0,0.0,1.6129016876220704e-05,0.00017751263594254852,0.00011651582457125187,0.0013941885113308672
0.0,0.0,0.0,0.0,0.0,0.0,0.0,0.0,0.0,0.0,0.00027150463638827204,0.0003764390323776752,0.001715116413164651
0.0,0.0,0.0,0.0,0.0,0.0,0.0,0.0,0.0,6.007200852036476e-05,0.00035868689604103563,0.00046229434199631216,0.0018580706735083369
0.0,0.0,0.0,0.0,0.0,0.0,0.0,0.0,0.0,6.492056977003812e-05,0.0006392985632410273,0.000557626367546618,0.0022371544081252067
0.0,0.0,0.0,0.0,0.0,0.0,0.0,0.0,0.0,8.904585521668196e-05,0.0009545353186549619,0.0006474907717201858,0.002398561588168377
0.0,0.0,0.0,0.0,0.0,0.0,0.0,0.0,0.0,0.0003613995898049325,0.0014856372232898139,0.0007887893033912405,0.0025547278495214416
0.0,0.0,0.0,0.0,0.0,0.0,0.0,0.0,0.0,0.0005367477287072689,0.0016230317406589166,0.0010104191766586155,0.002607869105806458
0.0,0.0,0.0,0.0,0.0,0.0,0.0,0.0,0.0,0.0006482315328903497,0.0018824121027719229,0.0015676309572882018,0.002371004954780801
0.0,0.0,0.0,0.0,0.0,0.0,0.0,0.0,0.0,0.0018397304388345218,0.003258783081226284,0.0013315317748347297,0.0025098795482044805
0.0,0.0,0.0,0.0,0.0,0.0,0.0,0.0,7.691861130297184e-06,0.004316092489520088,0.0035993521225464063,0.0016176288030692377,0.002228657657513395
0.0,0.0,0.0,0.0,0.0,0.0,0.0,0.0,0.0010265830159187318,0.004230435683624819,0.004330998799938243,0.001664957008557394,0.001880641876050504
0.0,0.0,0.0,0.0,0.0,0.0,0.0,0.0,0.004477141380310058,0.005264918975532055,0.004344661084498512,0.001127065825770842,0.0013051286262489156
0.0,0.0,0.0,0.0,0.0,0.0,0.0,0.0,0.00912785279750824,0.0039008299834094942,0.004767793353355955,0.001184622993459925,0.0012041982498485595
0.0,0.0,0.0,0.0,0.0,0.0,0.0,0.001063971757888794,0.009057119032775517,0.003882053137756884,0.005588753329211613,0.0011371996787493117,0.0015505946387565927
0.0,0.0,0.0,0.0,0.0,0.0,0.0,0.008898140013217926,0.005651717782020569,0.00889214387780521,0.0041289427776937376,0.0014643685050250497,0.0019387276710622246
0.0,0.0,0.0,0.0,0.0,0.0,0.009579509735107421,0.004676929369568825,0.009480501979589462,0.006465286603197455,0.003443024557607714,0.0016640381797915324,0.0015926662850251887
0.0,0.0,0.0,0.0,0.0,0.0,0.009539138078689575,0.01263505819439888,0.006233939908444882,0.006571346451062709,0.004025093494245084,0.0014671651610697154,0.0011810087109333837
0.0,0.0,0.0,0.0,0.0,0.0076065192222595215,0.0032288520336151124,0.013859010189771653,0.006883028875570745,0.005462704828823916,0.0034441043640254065,0.0011150864523078782,0.0009606194003135897
0.0,0.0,0.0,0.0,0.0,0.04439172554016113,0.0038104700446128844,0.010682485669851303,0.004828151255846023,0.006252281874534674,0.0032590027933765667,0.0013370205818500835,0.0007417884023743682
0.0,0.0,0.0,0.0,0.05528847503662109,0.015295949935913086,0.008160587191581727,0.011178184539079665,0.006476635850965977,0.002161859313957393,0.0031323794214695227,0.001038401267491281,0.000698088115779683
0.0,0.0,0.027911495208740235,0.0,0.01565057945251465,0.0,0.012055147349834441,0.010816383384168148,0.004631261877715588,0.0024868421065621076,0.003257865278137615,0.000884509096009424,0.0005176930484885816
0.0,0.01554439926147461,0.0,0.0,0.0,0.0030765740871429442,0.015845908962190153,0.007368411242961883,0.001422231050208211,0.0041192776064854116,0.0029169604016351515,0.0008988413233018946,0.00040853089533629826
0.0,0.024825313568115234,0.0,0.0,0.0,0.0044389009475708004,0.023962223947048188,0.006483480274677276,0.003337612400064245,0.0036722212541499175,0.0025468323433306067,0.0008333637437899597,0.0003296652474382427
0.0,0.01157658863067627,0.0,6.190051883459092e-05,0.003962200403213501,0.05352509665489197,0.010486272811889649,0.008636904928833245,0.001675471480935812,0.003871330985275563,0.0022543616156035567,0.0006964821337314788,0.00026960917105316184
0.0,0.015300528526306152,0.0,0.016973033905029297,0.005389735698699951,0.03046506667137146,0.011580237753689288,0.008234373959596268,0.0025375606472371145,0.0026741017434396782,0.0025096239988924933,0.0006288946364074946,0.00018258087075082586
0.0,0.028952856063842774,0.0,0.03172422027587891,0.0052224969863891605,0.00733923077583313,0.010567598439753056,0.004000000320374965,0.002245881865732372,0.005391506936750375,0.0018571115720260423,0.00046030329857603647,0.00016863133432343602
0.0,0.027541366577148438,0.0,0.02385647201538086,0.008722121238708497,0.011994078159332275,0.012292145065963269,0.00220745849981904,0.003415647527202964,0.0015550300041213632,0.0014656330991128926,0.0004797256365418434,0.00012685813807183878
0.0,0.02145067596435547,0.0,0.038259402751922605,0.012592770338058471,0.007000882387161255,0.011892553793266416,0.007493513163179159,0.002819708994589746,0.0017082462112302892,0.0016052522858954034,0.0002762962648121174,0.00014281612428021617
0.0,0.027619733810424804,0.0,0.04057080078125,0.011163877665996552,0.01506374341249466,0.012369871140224859,0.0072163971625268455,0.0021806401544599793,0.0013901903071673587,0.0016291985088901129,0.0004423103809822351,0.00010803710485924967
0.0,0.019272310256958008,0.0,0.034128790378570556,0.009589634954929352,0.022478679835796357,0.006526957258582115,0.0022740646712481978,0.0023118708254769443,0.0016968308567884378,0.0011180591083830222,0.00026718516970868224,0.00013076369379996322
0.0,0.0217112979888916,0.0,0.0475456805229187,0.01782464909553528,0.012365349531173707,0.00601859358837828,0.0036915553705766796,0.0015898173716850578,0.0017349750510184095,0.0011452914312249048,0.0002555310068710241,8.694869597093202e-05
0.0,0.01565687847137451,0.027993318557739257,0.047240119218826294,0.017319052398204804,0.010442716240882874,0.00955561925470829,0.0026136413384228946,0.0012712750914506614,0.0012945449214894324,0.0011118357647210359,0.00023784799632267095,0.0001150269205099903
0.0,0.026982149124145507,0.004432757377624511,0.010525711923837661,0.021631775498390196,0.014383944600820542,0.0050307269990444185,0.0032736065555363895,0.0011824600361287595,0.0012320771437953227,0.0008679657232423778,0.00026349956353078594,7.014868129044772e-05
0.0,0.01997972047328949,0.0193740758895874,0.015063546657562255,0.009591039977967739,0.009045840740203858,0.005274719849228859,0.0038394078463315964,0.0017173579847440123,0.0010463666183641181,0.0008075711637502536,0.00019837994378758594,4.659145735786296e-05
0.0,0.019955106019973756,0.005434836864471436,0.012680774688720703,0.013180275917053223,0.010218024551868439,0.004554202735424041,0.0029424516260623933,0.0018239644966088235,0.001199535698746331,0.000884096968191443,0.0001882204902358353,4.607971783843823e-05
0.0,0.001067273497581482,0.021776866912841798,0.014890784978866577,0.006472572207450867,0.005940332889556885,0.003450618482893333,0.002493792250752449,0.001654723197221756,0.001402683786349371,0.000893378574080998,0.00019083860801765695,4.614010261138901e-05
0.0,0.0010089328289031982,0.020967005729675293,0.01370857834815979,0.011089207291603089,0.0026244696378707887,0.004978440284729004,0.001760102152824402,0.0016476955702528359,0.0011969851878238843,0.0008442274755507241,0.00018448112256010064,4.572133853798732e-05
0.0,0.0016333744525909423,0.02234666347503662,0.02433959484100342,0.00547170627117157,0.002821799397468567,0.004478549540042877,0.0017618155824020505,0.0008141144411638379,0.0013495708878617733,0.00045377989040571267,9.504891827236861e-05,2.1429211570648477e-05
0.0,0.013807210385799408,0.022659871578216553,0.013384341478347779,0.006661418616771698,0.00211727511882782,0.006063527263700962,0.001853752876399085,0.0011860751665662974,0.0009621487092517782,0.000562221969710663,5.12351433862932e-05,2.460657787742093e-05
0.0,0.0004671429693698883,0.03255575847625732,0.015579449057579041,0.007194667398929596,0.00507893031835556,0.004813058659434318,0.0019010265407850965,0.0011192238219082356,0.0010164428623393178,0.0004465774385025725,4.412818484706804e-05,2.4477077851770447e-05
0.0,0.0002451549768447876,0.05248334693908691,0.003819643497467041,0.009261326611042023,0.002766917943954468,0.004637169152498245,0.0018606314917851705,0.0011489120198530144,0.0011593514906126075,0.000386010500631528,8.805746652069501e-05,2.072472480358556e-05
0.0,0.0011655024290084838,0.05462004280090332,0.003591789960861206,0.007370509803295135,0.003615432620048523,0.003772359535098076,0.0021363359201932324,0.0007621561111882329,0.0011725497098523192,0.0005573662969109136,8.507746123359538e-05,2.3985157982679085e-05
0.0,5.944323167204857e-05,0.05372178411483765,0.004962655305862426,0.005765103697776794,0.0028290534615516665,0.003268571551889181,0.0015287402637768537,0.0006209832705790177,0.0010234641152783296,0.0003879159431817243,7.153312599984929e-05,1.8073003244353457e-05
0.0,0.01422713454440236,0.03000067563704215,0.018466806530952454,0.006421634137630462,0.002763833358883858,0.003031713142991066,0.0015922169785480946,0.0005935835216660053,0.0012148366690671536,0.00033483893325319516,5.939746563672088e-05,1.0935266938759015e-05
0.0,0.005753237523138523,0.0368179488517344,0.008205143570899963,0.005940587043762207,0.003184414356946945,0.003872809547930956,0.0017375074743758887,0.0008903383107390255,0.0010696576207119505,0.00021059551570215264,5.6747108668787406e-05,1.7703777441056444e-05
0.0,0.0044100389257073404,0.02832571005821228,0.00558318829536438,0.0077038703560829164,0.0021917554438114165,0.0044812184758484365,0.002262527594808489,0.00042413119692355397,0.0010017197348934134,0.00018639873171923682,5.223819366074167e-05,9.424346062587574e-06
0.0,0.0044100389257073404,0.02832571005821228,0.00558318829536438,0.0077038703560829164,0.0021917554438114165,0.0044812184758484365,0.002262527594808489,0.00042413119692355397,0.0010017197348934134,0.00018639873171923682,5.223819366074167e-05,9.424346062587574e-06
0.0,0.0,0.035840580463409426,0.004348726272583008,0.007582647919654846,0.0027388764917850496,0.0034704559445381165,0.0014668062357231974,0.0007464250007178635,0.000617808899609372,0.00027970289569930173,7.855430469498969e-05,1.1606480955379083e-05
0.0,0.0,0.037731889247894286,0.004290864467620849,0.010240711688995362,0.0025183992087841034,0.003374184185639024,0.0017789008021354676,0.000680245622759685,0.00047454771242337303,0.00025672816735459493,8.761978027177974e-05,1.2525276688393205e-05
0.0,0.0,0.03927439069747925,0.0044392810463905336,0.012625050067901612,0.00297191946208477,0.005043354585766793,0.0017448709504678844,0.0006220757763367147,0.0005823711387929507,0.00024091482578660363,7.800683515961282e-05,9.451098507270217e-06
0.0,0.004544540405273438,0.03748668718338013,0.0022980679273605347,0.01030628788471222,0.0034254226945340635,0.00251530278660357,0.001514291439205408,0.0008870550612919033,0.0005944566137332004,0.0002878222690487746,5.0893624633317816e-05,9.445448726182803e-06
0.0,0.004544540405273438,0.03748668718338013,0.0022980679273605347,0.01030628788471222,0.0034254226945340635,0.00251530278660357,0.001514291439205408,0.0008870550612919033,0.0005944566137332004,0.0002878222690487746,5.0893624633317816e-05,9.445448726182803e-06
0.0,0.0035318763256073,0.06239626467227936,0.0017756692171096802,0.003423117399215698,0.002848477441817522,0.0029083545170724393,0.002015075973700732,0.0008022651491919532,0.00047824895306257533,0.0002817734855634626,2.7752180059906094e-05,9.544776403345168e-06
0.0,0.0034153873920440675,0.05879821276664734,0.0024382080733776094,0.0031089765131473543,0.002907528564333916,0.0030885410867631437,0.0021621947698295114,0.000957621037698118,0.0003627373458584771,0.00024101901034009643,3.737055792589672e-05,1.2964006600668654e-05
0.0,0.010124507665634155,0.04678461468219757,0.003237810507416725,0.003106522798538208,0.0025383132323622704,0.004157992077991366,0.0014377838606014848,0.000537880637566559,0.0004277075555291958,0.0002600836303026881,3.210396043141373e-05,8.644988702144473e-06
0.0,0.008808040380477906,0.04493732288479805,0.0022157190963625908,0.00286202996969223,0.0022085896655917167,0.004040149563923478,0.0014901386462152005,0.0005240657544927672,0.00038501333678141235,0.0002068253103061579,3.4677785355597734e-05,1.1205677437828854e-05
0.0,0.0050691766738891605,0.03973093873262405,0.0026942038536071776,0.0033317585587501527,0.00190699078515172,0.003840036243200302,0.0017951789014041424,0.0005593753699795343,0.0003527711718343198,0.0001523260657559149,2.4116023269016296e-05,1.7139886476797983e-05
0.0,0.0035846004486083985,0.03897667956352234,0.006179060518741608,0.0027326982617378237,0.0045444141253829,0.003821484236046672,0.001313481138087809,0.0006379484715871513,0.00038902371359290553,0.0001782569978677202,3.331791065284051e-05,2.427991674630903e-05
0.0,0.002246692717075348,0.04164831006526947,0.005982338130474091,0.005473593063652515,0.002450180437415838,0.002907157639041543,0.0012510042302310467,0.0008505228254944087,0.00027068516513099894,0.00015396382972539867,4.593895119614899e-05,1.3179718691390007e-05
0.0,0.007910966336727143,0.02530669069290161,0.009484355390071869,0.0051380543685518205,0.002226238388568163,0.002723486678674817,0.0017387764854356646,0.0005500140181975439,0.00035053400328615683,0.0001567557065282017,2.9212614230345935e-05,7.113842439139262e-06
0.0,0.007870706420391798,0.03239364147186279,0.0066844549179077145,0.00639015557616949,0.002887629697099328,0.0026701568083954044,0.0021584473103284834,0.0006635112305812072,0.00032904748647706583,0.00012508996634278446,3.87099445797503e-05,1.3065358245512471e-05
0.0,0.011310365855693817,0.03129153597354889,0.005280656158924103,0.004196703881025315,0.002291166224400513,0.0025993925286456943,0.0017462270758114755,0.000646651018774719,0.0003139004353724886,0.00012633734088740312,4.999772098381072e-05,3.7682220863644034e-06
0.0,0.014391886472702026,0.034032202184200284,0.0032051817774772645,0.004560721389949321,0.0019858567900955678,0.002692167580127716,0.0016229131191503256,0.0003922159365611151,0.0003241027396870777,0.00017481432229396888,6.565226826933212e-05,5.650068749673664e-06
0.0,0.004517209428828209,0.042283268630504606,0.00333564168214798,0.0040977057851850985,0.0027328279726207255,0.00261857662955299,0.0015784927853383123,0.000519148291030433,0.00024615088978316636,0.00011730908742174507,3.4234354796353726e-05,5.211459880229085e-06
0.0,0.014664045448414981,0.025055586621165277,0.0033179065436124804,0.004374711450189352,0.0030324370842427016,0.00216654128395021,0.0016661188257858157,0.0006488183887558989,0.0002718205650744494,0.00016603095352184027,1.534453718340956e-05,1.3834507670253516e-05
0.0,0.00235259529016912,0.029671580152586103,0.004093780502676963,0.00466720655746758,0.002846321918070316,0.002781126629561186,0.0018020112924277782,0.0006849004515097477,0.00010788358538411558,0.00017096746250172147,2.0979294553399087e-05,4.884069552645088e-06
0.0,0.0032856336964759976,0.0382663364931941,0.0038331337720155715,0.004850049085915089,0.0020863538444973527,0.002649402443319559,0.001923709957394749,0.0004950445503927768,0.00011547249119030312,0.00019617675527115353,2.6428046665387227e-05,4.553755221422761e-06
0.0,0.01252197526395321,0.03514435399323702,0.012291729360818862,0.001693488346412778,0.002385674638673663,0.0028192427242174746,0.0009971646200865507,0.0004950342252850533,0.00012286253547063097,0.00014191150979604573,4.1060073534026744e-05,6.059263367205858e-06
0.0,0.00981352580524981,0.030855478655546904,0.011428185641765594,0.0030809257375076413,0.0043273109830915925,0.003222561493050307,0.001421448410488665,0.0002954458543390501,0.00016547020233701916,9.816317066724878e-05,2.322525970521383e-05,8.582118491176516e-06
0.0,0.008393495084252208,0.028293032238492742,0.013132103756070136,0.004461312901228667,0.005055319851264358,0.003019342715968378,0.0011998758483678102,0.00023516195331467317,0.000167722312733531,0.00012749671257915906,1.7739116010488943e-05,8.104246779112145e-06
0.0,0.0038079076355788857,0.034057984386570754,0.00871544048190117,0.003446304531767964,0.0037720305658876896,0.0031311940769664943,0.001233115970157087,0.00021207391150528565,8.786956110270694e-05,0.00013052418359438888,9.323285252321511e-06,5.978446803055703e-06
0.0,0.0036579185837181285,0.02999419366195798,0.0099648577272892,0.003571370467543602,0.004180498783942312,0.0027881193812936546,0.00115335741546005,0.00024750489555299283,9.28204893716611e-05,0.000132884966180427,2.2492862888611852e-05,1.901696270215325e-05
0.0,0.004252533037681133,0.02690385472821072,0.008404004886746407,0.0037111161313951014,0.004092375748790801,0.002893467387184501,0.0007969175090547651,0.00027113702311180535,0.00022472616739105432,7.598197122570127e-05,8.360453939530999e-06,2.0763608044944706e-06
0.0,0.004186584422364831,0.01840495252516121,0.010175613913685084,0.006469806540757418,0.004162599198520183,0.003210282904095948,0.0007655045273713768,0.00024337778077460827,0.00017977254345896655,0.00010981110212742351,2.681162382941693e-05,1.774069358361885e-06
0.0,0.004721911436878144,0.018521816968917845,0.010220235541462898,0.0076455825548619035,0.002363628398627043,0.0027449450719868765,0.0006715519926510751,0.0002880994754959829,0.00011779767903499305,8.161707303952426e-05,1.9955925177782774e-05,4.567592695821077e-06
1.8983170157298446e-06,0.006447874286677689,0.025691102743148803,0.008987549453973771,0.0030079739522188903,0.0027233587354421615,0.0032785144429653885,0.000777973317541182,0.00028819886324345137,0.0001420542347477749,7.935382443247364e-05,1.7359242832753808e-05,8.353130397154018e-06
0.0,0.005692848920822144,0.023205206048674883,0.0065216518193483355,0.0033164090048521757,0.0027292380817234515,0.003086895205080509,0.0005812235483899713,0.00024555675126612187,0.000159495650063036,6.300522258970887e-05,1.532119238981977e-05,3.798205521889031e-06
0.004640243530273438,0.0017002173187211156,0.02361690399236977,0.006765560507774353,0.0025857488778419794,0.003026589006185532,0.002983464453369379,0.0006406434169039131,0.0002346952819498256,0.00016859418828971685,7.343180227326229e-05,2.1470177598530428e-05,3.107270816690288e-05
0.0016348214149475098,0.0024366378532722595,0.027313973538577556,0.00902001241222024,0.002390179602894932,0.0033062693364918233,0.0033866362990811467,0.0008703226037323475,0.00017283865949139,0.00011210234567988664,7.157312706112861e-05,2.2154267935547977e-05,2.3213368840515615e-06
0.002634276866912842,0.002703305423259735,0.02685803660750389,0.006758507125079632,0.002338875493558589,0.003155395969748497,0.0030156182935461404,0.0008100975789129734,0.00017687019190634602,0.00013721984368748964,7.128008031577338e-05,1.3771227793768048e-05,6.385611137375236e-06
0.004473816394805908,0.002550545388134196,0.02335261792689562,0.006829929742962122,0.003892135446658358,0.002577869087457657,0.0030695735635235906,0.0010378881953656673,0.00020475035544950516,0.00014824772707652302,6.540428512380458e-05,1.611018372932449e-05,2.1690328721888364e-06
0.003783851146697998,0.0027199203399941325,0.02007001729309559,0.007396955095231533,0.0039315427979454394,0.0031516572618857028,0.002483596841804683,0.0006669221757911145,0.00016464152801199815,0.00018847031507175416,7.708784667192958e-05,7.197728526080027e-06,6.837994209490717e-06
0.004760561943054199,0.006090407192707062,0.017081084314733742,0.006478224106132984,0.003977265341673046,0.0033147219121456148,0.0027057189606130125,0.0007096034167334437,0.00019737286143936217,0.00020756781968520955,8.548092911951243e-05,2.352099382551387e-05,4.110423149541021e-06
0.004760561943054199,0.006090407192707062,0.017081084314733742,0.006478224106132984,0.003977265341673046,0.0033147219121456148,0.0027057189606130125,0.0007096034167334437,0.00019737286143936217,0.00020756781968520955,8.548092911951243e-05,2.352099382551387e-05,4.110423149541021e-06
0.0,0.003726159794256091,0.015594561345875264,0.009085676653310656,0.003989190287422389,0.004203715717419982,0.002047553152311593,0.0007323243427090347,0.00021797789668198675,0.00014354396006092428,6.438704143511132e-05,1.3010074035264551e-05,1.3092283334117383e-06
0.001157650113105774,0.003736653208732605,0.01459387132897973,0.006350524213165044,0.003371218312298879,0.004334759853780269,0.0021064402288757263,0.0006058137922082096,0.0002893575718044303,8.306853787507862e-05,4.938651871634647e-05,2.2180159954586998e-05,6.251468439586461e-07
0.0009347609877586365,0.0010664073135703803,0.013392745479941369,0.004731626474298537,0.00405623437371105,0.0032446945323608817,0.002118433146737516,0.000776298024575226,0.00023928472131956368,0.00013278347710729576,4.5695328022702596e-05,3.053620908758603e-05,3.354730695718899e-06
0.0008525446057319642,0.0009774832860566676,0.01236247667297721,0.0054368022866547105,0.003760778788477182,0.003428820602595806,0.0019933224013075233,0.000879558531800285,0.00023117061931407078,0.00011538707144791261,3.746724294614978e-05,1.4137406891677529e-05,1.6573275788687169e-06
0.002294269561767578,0.0009848396480083466,0.013727601999416948,0.005379622424021363,0.004507526135537773,0.0036438451141584663,0.0013097167250234634,0.0009332119043101557,0.00022679234558017924,0.00010707938153063878,5.1149381280993114e-05,1.3523513276595623e-05,8.683661581017077e-07
0.0015972437858581543,0.0011011288166046143,0.013849540534429251,0.003628906190395355,0.0040598484815564,0.002844943362288177,0.001535905286669731,0.0008411826770752668,0.00022554922688868828,9.964967938140035e-05,3.423669672338292e-05,1.1550977418664842e-05,4.372800089186057e-06
0.0,0.0007556199729442597,0.01975452618673444,0.002535614348948002,0.0032543082535266875,0.0029339639202225955,0.0012710052151232959,0.0008266692050965502,0.00019406265037832783,0.00010688606312032789,4.4535132707096634e-05,1.603547637932934e-05,4.7600142424926165e-06
0.0,0.0008511022225138732,0.022805389188230038,0.0019078931361436843,0.003927214320050552,0.0029055795427411794,0.0016717470795847475,0.0005393815110437572,0.00021201566862873733,7.883596862666309e-05,4.352956073125824e-05,2.2911828418727966e-05,2.3374926240649073e-06
0.0,0.0015105571150779724,0.021583988659083845,0.0029883196502923965,0.00414449333306402,0.0028906769338063894,0.001516726636327803,0.0006261135684326291,0.00015478413982782514,7.678597094491124e-05,6.428440235322341e-05,9.965309349354357e-06,1.2539722956717015e-06
0.0,0.0012288447618484498,0.019734836492687462,0.0025871555507183076,0.003539328814309556,0.00313263979787007,0.0015123941451311111,0.0005184555666055531,0.0001769676909316331,6.018943915842101e-05,3.793821917497553e-05,9.550130052957683e-06,1.1112991487607359e-06
0.0,0.0007847033739089966,0.027875113751739265,0.0028166368789970873,0.0043070829404750835,0.0035102921404177325,0.001310289055807516,0.0005730486791580916,0.00011630858856369741,5.6304712896235285e-05,4.7837596794124694e-05,1.7692933673970403e-05,9.581994672771543e-07
0.0,0.0005460779666900635,0.023784633666276932,0.003863648308441043,0.0030672035850584506,0.0033751539438962937,0.0009970850897952914,0.000459632471203804,0.00012316401273710652,4.101378889754415e-05,4.393002591677941e-05,2.068737342779059e-05,1.1083300050813704e-06
