0.0,0.0,0.0,0.0,0.0,0.0,0.0,0.0,0.0,6.012957915663719e-05,3.0706970603205264e-05,2.9414677992463112e-05,0.0002612879193911795
0.0,0.0,0.0,0.0,0.0,0.0,0.0,0.0,2.6254793629050254e-05,0.00014863427076488735,0.0009544259523972869,0.0007354385931394063,0.001480660851317225
0.0,0.0,0.0,0.0,0.0,0.0,0.0,0.0,5.226522218436002e-06,0.00044570110435597596,0.0015437224619090557,0.000931362368981354,0.0025388667103252373
0.0,0.0,0.0,0.0,0.0,0.0,0.0,6.642040610313416e-05,4.772485978901386e-05,0.0006854691887274385,0.003346365111414343,0.0015208060034783556,0.0034964567152492238
0.0,0.0,0.0,0.0,0.0,0.0,0.0,0.0,0.00011416300956625492,0.0025379327573464253,0.004119646532752086,0.0020980012952932156,0.004024119184701703
0.0,0.0,0.0,0.0,0.0,0.0,0.0,0.0,0.0007922052536159754,0.0030594735213962847,0.004552073115075473,0.002295106159057468,0.004231753353466047
0.0,0.0,0.0,0.0,0.0,0.0,0.0,0.000399538186378777,0.0012270000039134176,0.004645826115855016,0.004842908303602599,0.0021662319425086026,0.004403926106344443
0.0,0.0,0.0,0.0,0.0,0.0,0.0,0.0015280346367508174,0.0011090779001824557,0.005944919410219881,0.006209660976397572,0.002552440912928432,0.004635637925719493
0.0,0.0,0.0,0.0,0.0,0.0,0.0,0.0017334494879469276,0.00624277530121617,0.005902032850775868,0.006734498904261272,0.0023517450394574552,0.004727690002939198
0.0,0.0,0.0,0.0,0.0,0.0,0.0,0.002015515998005867,0.009902480793185533,0.00495985972386552,0.008472962670814013,0.002436518961127149,0.0045733945187676
0.0,0.0,0.0,0.0,0.0,0.0,0.0,0.0020882536518911365,0.011958862088620664,0.006723932917782804,0.009084409092582063,0.0024814599064702635,0.004455776074129972
0.0,0.0,0.0,0.0,0.0,0.0,0.008020974636077881,0.014891054715553765,0.005978175422875211,0.00967845218241564,0.010482053543644725,0.003406870735809207,0.0038948268663225464
0.0,0.0,0.0,0.0,0.0,0.0,0.02434231078682933,0.004992341366305482,0.015568215601553675,0.011082425053813495,0.009831901830999414,0.002749560876371106,0.0034386486249713927
0.0,0.0,0.0,0.0,0.0,0.009102144241333009,0.023746386289596556,0.015376718962332234,0.008224981999956072,0.010686802464537322,0.010774819033133098,0.002618127288238611,0.0026921471689565807
0.0,0.0,0.0,0.0,0.0,0.024594144821166994,0.020942576333880424,0.019651122204959393,0.011261453030834673,0.014361929905106081,0.008467328323502443,0.0024356130254163874,0.001985632982250536
0.0,0.0,0.0,0.0,0.012121423721313477,0.02835561728477478,0.0325678677149117,0.013967153341509402,0.013916654084809124,0.009929951273894403,0.00948573715047678,0.0031287232872564347,0.0015963683022418992
0.0,0.0,0.0,0.033294532775878904,0.014529515266418457,0.01925187540054321,0.059312155432999135,0.012423827012768016,0.01505014588261838,0.015882641193340534,0.009843953120260266,0.002752362282670219,0.001682398517979891
0.0,0.0,0.0,0.06391760730743408,0.059509563446044925,0.03416604137420654,0.009405649378895759,0.023035676911007615,0.030219887893676058,0.012164938951551449,0.009668033894879045,0.003410080126806861,0.0024524029573221922
0.0,0.0,0.033627178192138674,0.09133385467529297,0.028083409309387207,0.03009244705736637,0.041057449758052825,0.027990362031385302,0.018869795228587463,0.012359216187382118,0.009845866073155775,0.003334539835981559,0.0019182330184121384
0.0,0.0,0.04092019271850586,0.14213907289505004,0.02240774917602539,0.04697128802537918,0.01796814613416791,0.03617633099772502,0.02523256501992,0.01187706505387905,0.009135996275523212,0.002885450305067934,0.001358186725046835
0.0,0.0,0.06657492065429688,0.10977361917495727,0.029068057760596275,0.00891785728931427,0.03967903856036719,0.037064180416055026,0.0098481321654981,0.012507860652374803,0.009015532312070718,0.002358034725475591,0.0011546816761838273
0.0,0.0,0.16906746101379394,0.09476052875816822,0.00011870375648140907,0.06292901760339736,0.048927019825205205,0.02163311538286507,0.01343670463206945,0.010044767192273867,0.007647344111377606,0.0020400316756567917,0.0008687869072891771
0.0,0.0,0.19657899188995362,0.2208509578704834,0.03607027044892311,0.035047229316085574,0.043984308565501125,0.028162660804810002,0.014635184073762502,0.008821391268837032,0.006562444164999761,0.00189529386346112,0.0007264014903485077
0.052363597869873046,0.14005113220214843,0.1810269765853882,0.08199399375915527,0.03540724338591099,0.029284156560897827,0.03547179080953356,0.022124477919831406,0.015857377157721203,0.009605508335109335,0.006245743661798769,0.0014187629551743158,0.0005304916880850215
0.0,0.051661025047302245,0.09086991977691651,0.24083961856365205,0.009309002384543418,0.10099943852424621,0.05384954503551125,0.025457907061092556,0.012090583645389416,0.006868571589759086,0.005075388943310827,0.0014059698111377656,0.00037656301210517993
0.007672262668609619,0.07123930168151855,0.15423375272750856,0.29228844499588014,0.02593785145878792,0.07755961157009006,0.034315528127539435,0.01905491435044678,0.008889800602570176,0.007061398134595947,0.0036172987682803067,0.0013264650709897978,0.0002996043759922031
0.0,0.17356908798217774,0.15907379341125488,0.22862766209989785,0.09035169315338135,0.06078562641143799,0.04657591313589364,0.01802726073283702,0.008293177098268644,0.0056871466475422496,0.004418947343627223,0.00137424039572943,0.00023647762919426894
0.042596300959587094,0.12189900875091553,0.2448291416168213,0.11903545401245355,0.12821237742900848,0.04418567455140874,0.04819230505172163,0.021795059167023283,0.006351974362856708,0.0060196640208887405,0.004200471725023817,0.0011669147411594168,0.00022349780815420671
0.04324352550506592,0.13768362998962402,0.21175210976600647,0.19104952520132065,0.08695568086765706,0.06036638256208971,0.060346883853431794,0.017680031368974596,0.006419369979354087,0.0062064234910358205,0.003745505571278045,0.0007716555914084892,0.00010117029669345356
0.08393866586685181,0.09061592808365822,0.33861081978678703,0.24993576612323523,0.12494842809066177,0.05229444792866707,0.03393976068054326,0.024522318486939185,0.00967203531123232,0.006780703344207723,0.0032450395655760074,0.0007365953831176739,0.00012161355416174047
0.041334199786186215,0.08915573257021606,0.4557709082886577,0.13533408730477095,0.11084114251658321,0.13409420154988766,0.0739682368215872,0.023002883012231905,0.005052119102503639,0.006133720099547645,0.003965376691892743,0.0007897298840398435,0.0001007410948514007
0.03893901878595352,0.12914350001700223,0.37575647254288197,0.15527724546729588,0.1713982120323926,0.030966677313670515,0.0603202482839115,0.01822369251359487,0.006396670935733709,0.005971168604097329,0.0025638639722310474,0.0006060701171518303,7.675852431566455e-05
0.02880456531047821,0.21288797571137547,0.24773406594246625,0.25604822565766516,0.11021758737228811,0.06690731350984425,0.03163985744095407,0.02082798254908994,0.005651810924406164,0.004764715881057782,0.003179925731266849,0.00040151399755268357,4.208246909547597e-05
0.03009804418683052,0.16683291506767273,0.3515612956765108,0.17987061561644077,0.11948374302871526,0.06049404542474076,0.05836844001058489,0.02808710921963211,0.00893944403261412,0.00474067089278833,0.0023034965561237186,0.0004564475724764634,7.430375754483976e-05
0.015929216235876082,0.14959671181440354,0.3445921905785799,0.17198560021072626,0.1291903344769962,0.06127387876436114,0.039936987792549186,0.016836706046946346,0.00852406441437779,0.0038547176701249557,0.0028037558519863524,0.000375642219587462,5.713630674290471e-05
0.025460260644555092,0.07709734725952148,0.409101210847497,0.2653460822030902,0.11935342324106023,0.027371445089811458,0.041860765288874974,0.018403315608389675,0.01250970314774895,0.003407815763494,0.0020418544543208553,0.0003740675517765339,5.126912597916089e-05
0.07402052468061447,0.07699888399243354,0.39716626723110676,0.25921676068753,0.15339978095836704,0.07793809841037729,0.055589878812257666,0.02136950795771554,0.007116387722257059,0.0042804273658257445,0.0016911798306537093,0.00040436360251624136,6.887196330353618e-05
0.09515163116157055,0.18311360247433187,0.29138575337827205,0.2575815145634115,0.12287172524246853,0.11357740423924406,0.025515281421452526,0.018257018944073933,0.006021052685508039,0.004712048712914111,0.00222574645318673,0.0003100635991722811,5.4828343447297814e-05
0.06509266501665115,0.29277885080873967,0.20565056158229708,0.20019722660630943,0.1004967969506979,0.0677688133767806,0.028315003037976568,0.020712760784139393,0.004415684680803679,0.0030030589161906393,0.0013187098439375405,0.0004520394257560838,2.7401660365285353e-05
0.07503237126022577,0.24282535898312926,0.2257276531998068,0.18145623859483748,0.08737891326798126,0.056659840396081566,0.03218079254566692,0.011500896441284568,0.00531775953475153,0.001752418779215077,0.00168611386109842,0.00022947110174573028,2.8112073952797802e-05
0.06001069508865476,0.21111174852773548,0.48396891775168477,0.19300608625076712,0.1311197879060637,0.07558791334996931,0.01727073905465659,0.01066446916363202,0.004999263517151121,0.002005355681962101,0.0011161376354575623,0.00025841106224106625,2.0367736142361536e-05
0.12016312334313989,0.10698175918497145,0.32507502647908404,0.2684052424095571,0.15925370182748885,0.03516560985613614,0.042998174667940474,0.018468373461917507,0.0025045933409710416,0.0010154121105151717,0.0007205813413311262,0.00019995530668529682,1.0953942895866931e-05
0.20074317826330662,0.20046520143561064,0.3039914334482746,0.23272659234760795,0.11874674604088067,0.028122441980522127,0.021465830360306425,0.010195068593835458,0.002103448602021672,0.0018203895466285757,0.0008087459768576082,0.0001792827231111005,1.5084460144862532e-05
0.2491116260662675,0.14946734485030175,0.205696547774598,0.19933085354603827,0.13891742757149042,0.04893296177429147,0.009739570612495299,0.01784085563971894,0.002475704621843761,0.0012349387455615215,0.0008403595655690878,0.00012182829424273223,1.6521858313353734e-05
0.08978313739970327,0.18767095889896154,0.3078582754934905,0.20736666569299997,0.15006504925852643,0.037353799671633166,0.03519071826699655,0.006154847752011847,0.002662866753933486,0.0010857809704029934,0.0004767009299539495,0.00012228859780589118,1.0112468735314906e-05
0.04780334162339568,0.20759827826719265,0.2290577028047992,0.13581625647842885,0.06455455611739308,0.10133735742600401,0.019961242692370432,0.005099164758110419,0.001312426219403278,0.0011962400650663767,0.0007427973035664763,0.00018252861881046557,1.2343607377260923e-05
0.05305859662871808,0.27247800226381513,0.15754207871481776,0.10375638632662594,0.05503612385399174,0.11445192852336913,0.008791566883563064,0.0019013386357109993,0.0016197809659061022,0.0015205174360598903,0.0004113241673039738,0.00013145204904139974,7.67340831225738e-06
0.05638558841124177,0.1785970475000795,0.15311216372833586,0.15400231423601507,0.055980987314600494,0.1656261361949146,0.009710943070822396,0.00421287466364447,0.0018594662364339455,0.0004978926911135205,0.0004206509627692867,7.490972444065846e-05,1.2719969963654875e-06
0.06640058686584234,0.18845982703007758,0.1867915565734729,0.15895452444721014,0.05707783135399223,0.1480337582109496,0.009242820657556876,0.0035934431655914524,0.0008809092419105582,0.0004042934733442962,0.0002552619173366111,7.28098040272016e-05,1.3222083944128825e-05
0.06973974125832319,0.20444136404432356,0.15113248697668313,0.15639728898182512,0.23189003404445246,0.023405688412371093,0.006395500978629571,0.002239437843905762,0.001149049452971667,0.0003488228497444652,0.000545483995025279,7.386367628350854e-05,3.639258997282013e-06
0.12492020556144416,0.1448878670539707,0.14729636702872811,0.07126869363430888,0.29287144903605805,0.021133217236492783,0.006299224289541598,0.001287853712332435,0.001009625879873056,0.0004538735131500289,0.00018642410132451914,9.230023124837316e-05,5.0237958203069865e-06
0.07021352621726691,0.1604248011726886,0.1303549434877932,0.1151311899293214,0.23185959742264822,0.04019921219535172,0.00600020817562472,0.0019250357146374881,0.0007645095635089092,0.0003652203281817492,0.0002141267212573439,4.5103450742317363e-05,2.1074107207823546e-06
0.09040578316303435,0.07669227483309805,0.12514188173072763,0.08393505089706742,0.2765844023721293,0.013670469087344827,0.009640918045246508,0.0025836093810794407,0.0003510181768797338,0.00022954538281192072,0.00015819840188487433,4.6567076409701256e-05,1.927282544784248e-06
0.05330422139447182,0.12438218683050946,0.1401183650791645,0.09405836485041072,0.24277036223979667,0.0201747389100492,0.006602075621951371,0.002209768520289799,0.000539153199584689,0.00024572551820892843,0.00023972979580867104,3.790998129989021e-05,5.282734055072069e-07
0.038831367254257204,0.07268011134117841,0.14664593580085783,0.39398082423908637,0.045921428142639345,0.020203466202598067,0.0044431923123192975,0.0015597594736609607,0.001151308210042771,0.0002547080345393624,0.00011260027994285338,6.935043321573175e-05,1.6184157924726606e-05
0.03743045308580622,0.06537292641028762,0.10833199319415143,0.31090440309420225,0.02621898743789643,0.01150729309610324,0.005545278697623871,0.0016931577861541882,0.0002989199871663004,0.00020177460051490925,0.0001228382370318286,7.279893435770646e-05,7.942791271489114e-07
0.03280623744428158,0.057052996277809145,0.10492538044805405,0.34532554813247407,0.02267613720020745,0.008582761915400625,0.004765903654508292,0.0016039757339749486,0.00019627803994808345,0.0002634498966508545,0.00010748864489141852,9.557209140621125e-05,1.5571632247883826e-06
0.028214637160301207,0.05601566447503865,0.1110021644309163,0.3815305563386064,0.020264790679560975,0.014444001036230475,0.0037445951697882263,0.001581723396840971,0.0002827010526380036,0.0002518194565200247,9.737078388570808e-05,7.14183454401791e-05,2.0290205138735474e-06
0.021948126524686813,0.07191484500805381,0.08638727933913469,0.3829323157148901,0.032778019166435114,0.008182013102807105,0.005453515326982597,0.001015267103794031,0.0004152320253197104,0.0003540219154383522,0.000158906894212123,7.565428692032583e-05,2.051628369372338e-06
0.01672170754894614,0.05549998220987618,0.3069423506867606,0.08811719099339098,0.03424809812122839,0.009633969097048976,0.0029538600308587773,0.0011097441005404108,0.00016819993883837014,0.00036992071743588895,8.245256327791139e-05,3.757687282632105e-05,1.1395543406251817e-06
0.14612078089744318,0.0485316152125597,0.277206676768139,0.058741346064955,0.04348005233137519,0.00842789708264172,0.0023977378416457215,0.0007482999366184231,0.00020614674198441208,0.00016554328164784237,0.00014881593704922123,2.212284819688648e-05,2.9855065513402224e-06
0.028610403250902892,0.28937636770517566,0.07790359034296125,0.04779612608999014,0.0773382227049442,0.008558508107438684,0.0020645139231346547,0.0007851068212185055,0.00010796298424247652,0.0003607740709558129,0.0002206607915868517,1.8265345541294663e-05,5.57403196580708e-07
0.025670425683259963,0.044737625494599344,0.19764539564453298,0.06057380792684853,0.04806123059708625,0.008994371021632105,0.002853897877590498,0.00046173893619561566,0.0004608395198592916,0.00020642900752136485,0.00010760466256760992,5.9121060941834e-05,3.1995106837712227e-07
0.022203336035832764,0.02629118239041418,0.18704183175833897,0.04680029286816716,0.027248548367904732,0.010279001792892813,0.0018902119684789795,0.0009242871530004777,0.00013437477474508342,0.00018323460221290587,7.338316465029493e-05,1.349796657450497e-05,1.5410748310387135e-06
0.01312131751247216,0.0411135794557631,0.149976264573168,0.06960992070101202,0.019789004685357214,0.013254161639371887,0.002957862908835523,0.0011496901176287792,0.0004684379755053669,0.0002563279954192694,0.00011393657044391148,2.0079057314433156e-05,9.021834935992955e-06
0.021091512497048825,0.034934952780604364,0.12999207003298216,0.06659351249085739,0.02461008147080429,0.011906611672689905,0.002130759767838754,0.0013317364057875238,0.00027272553596412765,0.00016145507697365246,0.00020435875435941852,1.952167582930997e-05,3.4213116741739212e-06
0.022461630415171383,0.026375303611159324,0.1338308361209929,0.05977998895337805,0.014560469179210486,0.018110133216017857,0.002535039494978264,0.0006144187750760466,0.0003935644231387414,0.00014128801980405113,0.00016789986382354983,8.62965063424781e-06,1.0894740698859096e-06
0.013479395704343915,0.06917344822362065,0.0591818524338305,0.07211498922947794,0.018798753309529275,0.011408563959412277,0.0019906135289056693,0.0005001668991753832,0.00015760692133335398,0.00013265843503177166,0.00011619733538827859,1.6077392036095263e-05,0.0
0.006878355689346791,0.07349978566309437,0.05713912968710065,0.05708679939387366,0.011605340571142733,0.01061639865511097,0.0017115006782114507,0.000736996619758429,0.0001837084186845459,4.2097808967810126e-05,6.350202069734223e-05,1.5283675456885247e-05,0.0
0.007042931304313243,0.07323479118105024,0.0398256489187479,0.07009854332311079,0.013831674779532477,0.01469411664409563,0.0022362888010684402,0.0005636800640495494,0.00010015451765502803,7.283569849096239e-05,4.420648643281311e-05,4.065897455438971e-05,1.6157662903424353e-06
0.013419433265924454,0.04295258120447397,0.05669038424268365,0.06717031662113732,0.016981115511152892,0.013422126289631705,0.0019697687886655333,0.0006437166637333576,0.00015545689375721849,0.00017480578692629934,4.602302770945244e-05,5.196604033699259e-05,1.1381778749637305e-06
0.012231518898159266,0.060597781047225,0.07383204856771045,0.0460389798800461,0.03278935294598341,0.0019042880719061942,0.0022366203312994912,0.0006642651965958066,0.00018268164061009884,0.00010602476954227314,0.00015549389499938115,0.00014477327809436246,0.0
0.008044896449893714,0.04145353680104017,0.09443993053538725,0.049672295342665165,0.05568400150164962,0.008260117278434335,0.002255897613475099,0.0012226242624165024,0.00023534769279649482,8.748807542724535e-05,0.00018272464408073573,1.1684655153658242e-05,0.0
0.007753996141254902,0.06977223095670343,0.07473623317969032,0.06663671133480967,0.027186113633331843,0.005144761312636547,0.0020467827257234605,0.001076440659002401,0.0001941963906865567,5.8467530616326256e-05,7.493167041684501e-05,1.8849434432922862e-05,4.88532125018537e-07
0.019505468867719172,0.05886220920085907,0.0656414612857625,0.05514377813134343,0.02927444329665741,0.002983229597215541,0.002827991020632908,0.0007818051834474317,7.772990893863607e-05,0.00016851844637130853,6.71791548957117e-05,2.0188723952742295e-05,0.0
0.019080921497254166,0.04884963828604669,0.03292962115968112,0.06382251068297774,0.026403228776471225,0.003093981724581681,0.002406258259608876,0.0005764288094360381,0.00018423840493778698,0.00027557016743230635,0.00012462641394813545,1.2343082460574805e-05,5.500700208358466e-07
0.016345456967130304,0.03738534990604967,0.045603665056172756,0.08460109019186347,0.024656776121351868,0.002389668910735054,0.0028248666352592407,0.0002917971860151738,0.00024146899176412262,8.743761785444803e-05,3.1095429614651945e-05,2.312889858148992e-05,0.0
0.013217490833252668,0.02431745991110802,0.05858150104014203,0.07974052354739979,0.032191416972782466,0.005410154049750418,0.0016443150073173457,0.0005650797002017498,0.0003578894731181208,7.221356214722618e-05,3.568230030941777e-05,2.4282322498038412e-05,3.7061655893921853e-07
0.012928179225418716,0.036916247878340074,0.061798281658208,0.09717473602923564,0.013960291087976657,0.00309853454772383,0.0028751511971058788,0.000737210908147972,0.00013082915681297892,6.432771269464865e-05,6.220290940837003e-05,4.0541046415455637e-05,7.45214696507901e-07
0.029027583811432122,0.05252767784020398,0.05608199978992343,0.09206670624483376,0.007036948646535166,0.004306387774995528,0.0023850424716365523,0.0009000001721433363,0.00014610318472841753,5.801918610814027e-05,3.8881463551661e-05,2.9327338183065877e-05,5.226013017818332e-07
0.01877383421268314,0.042654693734133615,0.057144716238603,0.06627155600045807,0.00455088896502275,0.004333897914271802,0.0024084487810614517,0.0006791306134546175,0.00014743329567136243,0.0001230133466888219,4.346229988732375e-05,1.9516261003445833e-05,0.0
0.020463501679245384,0.029041842840611936,0.08583363545883912,0.050924182125134394,0.008424527776398464,0.011779100809886586,0.0012939329702639953,0.0007224345046561211,0.00013629929635499137,7.816558604827151e-05,4.0774468827294186e-05,7.26805001613684e-06,3.966502845287323e-07
0.020092539798584767,0.042819534150883555,0.09487200962123461,0.04797813105548266,0.013145394571358339,0.008832078903913498,0.0010143639496673132,0.0005807986052823253,0.00024340666824718938,6.52485637110658e-05,4.726142066647299e-05,1.0527707694564015e-05,3.8027086993679405e-06
0.028501115679740906,0.05835114613827318,0.06661894172616303,0.04136667076076264,0.017450976768974214,0.005199257728643715,0.0011022647959180176,0.0005066419531358406,0.00016933401400456204,2.9255043482407928e-05,3.727689362131059e-05,1.3712308078538627e-05,3.120767360087484e-07
0.03495301735401154,0.04106163035240024,0.05353156797867269,0.03847463225160027,0.013077277732430958,0.0017579654202272649,0.000984668260673061,0.00044722940446808933,0.00016184393962612376,7.824120263103395e-05,3.6081773112528026e-05,2.0130231452640147e-05,0.0
0.030987666151486338,0.025709651462733747,0.04944896032084944,0.046910997926665005,0.014494978496339172,0.0025451716731186027,0.0011141129973111675,0.000443618640943896,0.00023729023622581736,7.18055431789253e-05,4.51930946437642e-05,1.3366640778258444e-05,0.0
0.017927275501191615,0.023421988916641566,0.06317160992516438,0.03268944164575078,0.010917302232643124,0.0028045067376224323,0.0010965964823553805,0.0005161864297988359,0.00014995172328781338,3.6585255933459846e-05,6.488962689763867e-05,2.8781418397556992e-05,0.0
0.011407060220837593,0.03156244382634759,0.05689393412973732,0.032030226587783546,0.011504732760833577,0.0017600572002702392,0.005713524208258605,0.0005241443999984768,0.00017192455194890499,7.188080679043196e-05,5.6743538589216766e-05,1.912497414741665e-05,3.8576219230890274e-07
0.009631945538334548,0.030950645197182894,0.04888621000759304,0.03220992523431778,0.013807956900913269,0.002291334084176924,0.0010280060266377403,0.0006826112022390589,0.00016152076685102657,8.886771168909035e-05,7.684286453877575e-05,1.7449713122914546e-05,6.559208268299699e-07
0.009091102194972337,0.027107407372444867,0.05938819622609299,0.026764062992297114,0.013954619159922004,0.0033042061450541953,0.0007708237115293742,0.0006423817441973369,0.0003475124592659995,9.113949598395266e-05,3.051601070910692e-05,1.5752736682770773e-05,0.0
0.006269235929474234,0.02334104206599295,0.04761503548314795,0.025419731753878294,0.019875671370420605,0.0029805355984717607,0.0008937218631326686,0.0008160449248098303,0.00029189697964466176,0.00013997738546459005,2.238366226083599e-05,9.419327368959785e-06,7.024575606919826e-07
0.005870997686870396,0.01776465840591118,0.055656341238878665,0.025892153977416454,0.01948466285993345,0.0034621978021168614,0.0014014690798940137,0.0005178965476516169,0.00017113103915471583,9.330256411340087e-05,1.9433260487858207e-05,7.78854003874585e-06,0.0
0.017469815794378517,0.01715935374656692,0.041648583449888976,0.040641606950201095,0.02507029557740316,0.002635981268977048,0.002075451038661413,0.0005393332715611904,0.00013856036940705963,5.738834048679564e-05,6.080772643326782e-05,1.3008299487410113e-05,0.0
0.011001773731783033,0.02308391104824841,0.05518963361275382,0.031014764729887248,0.010700841329060495,0.003904641106550116,0.00047400524438126013,0.00041123140789568426,0.0002026666667952668,7.553331172675825e-05,1.7555746511789038e-05,5.113509425427764e-06,1.3755729887634516e-06
0.009746354591101408,0.03114145460166037,0.04757682598847896,0.026250096489675342,0.01769051129091531,0.003861674292013049,0.0008652120557962917,0.0007365838420228102,0.00012548704259097575,0.00010438420553691685,1.7669332271907477e-05,3.1912856502458455e-06,0.0
0.01580041877052281,0.01641363472957164,0.06137388457194902,0.02709695994621143,0.019221242089755834,0.004036519049870548,0.0006975488216266968,0.0014986517188954167,0.00016908080740540753,0.00016716104687657208,4.042093703174032e-05,8.83839637390338e-06,0.0
0.01580041877052281,0.01641363472957164,0.06137388457194902,0.02709695994621143,0.019221242089755834,0.004036519049870548,0.0006975488216266968,0.0014986517188954167,0.00016908080740540753,0.00016716104687657208,4.042093703174032e-05,8.83839637390338e-06,0.0
0.012797482256719377,0.030882637383416296,0.05289718125318177,0.014316531384829433,0.022739362079824788,0.0019403971745050512,0.002293283220962621,0.0007759533268690574,0.00022115784493507819,0.00023324037605198101,3.248634384362958e-05,5.564437509747222e-06,0.0
0.009929648727964377,0.02106992639321834,0.05088521881680936,0.016415485677309334,0.022834526319173164,0.0031153123307740317,0.003417713789269328,0.000601218054885976,0.00011205399976461195,0.0003267508244025521,0.00010678168648155406,5.9002371854148805e-06,5.547638284042478e-07
