0.0,0.0,0.0,0.0,0.0,0.0,0.0,0.0,2.2741683572530747e-07,2.3476834231987598e-06,1.9462748774414648e-05,2.1866100378567353e-05,8.370003323258425e-05
0.0,0.0,0.0,0.0,0.0,0.0,7.847969792783261e-08,3.7824671482667327e-07,6.428119993302971e-06,6.163009090500418e-05,0.00026971734631064465,0.00017929872486859678,0.0005073676885033638
0.0,0.0,0.0,0.0,0.0,0.0,1.5839775372296572e-07,5.303380676545203e-06,2.6741524402983487e-05,0.00015667021789599677,0.0005113772340821743,0.00029690948667077463,0.0007900936006960328
0.0,0.0,0.0,0.0,0.0,0.0,5.592406313866377e-06,4.042447957681725e-05,7.492661634966498e-05,0.0003516612011665711,0.0008612576822228439,0.0004423992539156461
0.0,0.0,0.0,0.0,0.0,0.0,4.130026476271451e-05,7.076536158751696e-05,0.0001824101889199519,0.0005489951503624179,0.001134806592715322,0.0005558640781453578
0.0,0.0,0.0,0.0,0.0,3.386888694763184e-05,0.0001036631413451396,8.666669674700825e-05,0.000273518855321483,0.00072297873340355,0.0013591016043872223,0.0006201801732489257
0.0,0.0,0.0,0.0,0.00016054330444335938,6.471895503997802e-05,0.000143691420952091,0.0002607295591153088,0.00046910535013105256,0.0010087950964320189,0.0016114920244532404,0.0006937058607858344
0.0,0.0,0.0,0.0003547631664276123,9.134485816955567e-05,6.169118794798851e-05,0.00023536227851634614,0.00048397744997774134,0.0006527425402985828,0.0012854807599160267,0.0018490776124040857,0.0007514351772006921
0.0,0.0,0.0004400453414916992,0.0003366941318511963,3.224947261810303e-05,0.00026935288763046267,0.0003775732713639154,0.0007505193328236928,0.0010013961508346693,0.001587202347194805,0.002054792838403795,0.0008127505052553607
0.0,0.00023042057800292968,0.00046600899505615234,0.0003974488525390625,0.00017136124300956725,0.0003400043578844052,0.0006543251317255199,0.0011950882114822744,0.0012500527779004478,0.0018488678927775764,0.0022713595926064883,0.0008579389859394141
0.0,0.00034299417114257814,0.0006469248428344727,0.00019529959678649903,0.0003774085865020752,0.0005224704372542911,0.0011716375496125839,0.001328218137991149,0.0014086614655365265,0.002061647880065706,0.00242430947585142,0.0008902225973986933
0.0,0.0004979448165893554,0.000850894481420517,0.0006644341259002686,0.0015734308274686336,0.0009503529865220189,0.0016309795131848076,0.001980954265537788,0.0018490458849861606,0.0025607359016735134,0.0026999151532292307,0.0009573298703391338
0.0,0.0005815569915771484,0.0024732803955078127,0.002188640093803406,0.0016003217299208046,0.0014875351966774325,0.002446486367277772,0.0027375214425017767,0.0025377727886187057,0.003069302671859521,0.0028810608988917227,0.00099654928812063
0.0003159285583496094,0.0018862531051635743,0.002179773826599121,0.002406461981907487,0.001602618014216423,0.0019079500290885335,0.0026190953135235757,0.003184375438826799,0.002641867125423101,0.003068013893541283,0.002788062837433026,0.000909447155905531
0.0006877154159545899,0.001608146713256836,0.0047449293880462646,0.0030601729621887205,0.0023981798250097782,0.002458087905228138,0.0036144353946663613,0.0037796784777834836,0.00307054881998201,0.0031703034676159006,0.002685098096037982,0.000855538899472609
