0.0,0.0,0.0,0.0,0.0,0.0,0.0,0.0,0.0,0.0,0.0,0.0
0.0,0.0,0.0,0.0,0.0,0.0,0.0,0.0,0.0,0.0,0.0,0.0
0.0,0.0,0.0,0.0,0.0,0.0,0.0,0.0,0.0,0.0,0.0,0.0
0.0,0.0,0.0,0.0,0.0,0.0,0.0,0.0,0.0,0.0,0.0,0.0
0.0,0.0,0.0,0.0,0.0,0.0,0.0,0.0,0.0,0.0,0.30232349999999997,0.120347 
0.0,0.0,0.0,0.0,0.0,0.0,0.0,1.4726460000000001,0.0978516,0.15021371,0.44259439,1.546386217  
0.0,0.0,0.0,0.0,0.0,56.41368,13.094946,8.3122487,19.9347915,10.526381800000001,11.914532719999999,6.4362979639999995  
0.0,0.0,0.0,0.0,84.2099879,66.073824409,134.08524979999999,73.2307693,40.81611873,26.4011673,33.4246588,67.92382039 
0.0,0.0,0.0,0.0,192.16061877000004,618.1951856199998,369.2030803,359.467986,244.09686899999994,131.82507799999996,85.90789529999999,105.62015199999999 
0.0,0.0,0.0,0.0,149.468,387.50028000000003,389.8816999999999,459.14921400000003,320.4300980000001,354.39115799999996,236.33297199999993,172.26813800000002 
0.0,0.0,0.0,0.0,0.0,259.0906,257.6336,247.88281,301.34351999999996,185.99882800000003,149.21752,104.56841623599999 
0.0,0.0,0.0,0.0,0.0,0.0,7.17754,31.0609,6.39342,2.43491,51.0364,38.739180000000005
0.0,0.0,0.0,0.0,0.0,0.0,0.0,0.0,40.0151,0.0,12.4952,3.2862