0.0,0.0,0.0,0.0,0.0,0.0,0.0015370602486655116,0.0005021215183660388,0.0010996760101988912,0.0009316023206338286,0.0035044668475165963,0.003787030465900898,0.00037816620897501707,0.002138217445462942,0.002428109757602215,0.0012360994005575776,0.0012347677256911993,0.005917663220316172
0.0,0.0,0.0,0.0,0.0004504784301389009,0.0023397488985210657,0.012242876924574375,0.028430253150872886,0.015032459981739521,0.006363743566907942,0.006713215378113091,0.004157849121838808,0.007695424865232781,0.0055156133603304625,0.00717150466516614,0.013964628800749779,0.014732720330357552,0.00046728088636882603
0.0,0.0,0.0006007486954331398,0.010561258066445589,0.03776379255577922,0.02316144434735179,0.008455087896436453,0.012061333050951362,0.005704073118977249,0.002818859269609675,0.002327054738998413,0.0030681246425956488,0.021413978189229965,0.008553633466362953,0.00414339080452919,0.010963939130306244,0.010820673778653145,0.023725301027297974
0.0,0.0,0.0,0.0,0.0,0.0,0.0,0.005401513073593378,0.0168365016579628,0.013248839415609837,0.007246504537761211,0.005780972656793892,0.0016121590742841363,0.010050258599221706,0.009211644530296326,0.014116683974862099,0.0071970210410654545,0.006145730149000883
0.0,0.0,0.0,0.0,0.0,0.0,0.0,0.0,0.0,0.00036469221231527627,0.0,0.0005265311920084059,0.0036303196102380753,0.025128833949565887,0.04344798997044563,0.022016657516360283,0.002584190107882023,0.0
0.0,0.0,0.0,0.0,0.0014805322280153632,0.008634473197162151,0.00840672291815281,0.017855247482657433,0.015473177656531334,0.00811082124710083,0.0015474038664251566,0.003960523288697004,0.0009634188609197736,0.0022421309258788824,0.0020808728877454996,0.001149071496911347,0.0,0.0005029262392781675
0.0,0.0,0.0,0.0,0.0,0.0,0.0029900893568992615,0.004644153174012899,0.010276168584823608,0.01352817751467228,0.010940921492874622,0.008237358182668686,0.0005155248800292611,0.005594215821474791,0.006056928541511297,0.0019248176831752062,0.0012150348629802465,0.00485774502158165
0.0,0.0,0.0,0.0,0.004497372545301914,0.006612250115722418,0.0034735777880996466,0.002912656869739294,0.0015859103295952082,0.0016702028224244714,0.004719632212072611,0.0030910850036889315,0.0,0.0,0.005096739623695612,0.00909832026809454,0.0026602311991155148,0.0
0.0,0.0,0.0,0.0,0.0,0.0,0.0,0.007854136638343334,0.010229626670479774,0.008827444165945053,0.005315469112247229,0.002144957659766078,0.0,0.0,0.0,0.0,0.0008830607403069735,0.003463024739176035
0.0,0.0,0.0,0.0,0.0,0.0,0.0,0.0,0.0,0.0,0.0,0.0,0.001184627617476508,0.005940200586337596,0.0022729462943971157,0.0020672320388257504,0.005296476185321808,0.00421140668913722
0.0,0.0,0.0,0.0035338029847480357,0.010106074623763561,0.00700711365789175,0.006835246924310923,0.016713496297597885,0.009973814710974693,0.01047633495181799,0.011110243387520313,0.004389155190438032,0.0024081524461507797,0.003280897857621312,0.010550439357757568,0.0031149673741310835,0.00920013152062893,0.013439850881695747
0.0,0.0,0.0,0.0,0.0,0.0,0.0,0.0,0.0,0.0,0.0,0.0,0.0,0.0004226118326187134,0.0,0.00252141198143363,0.007566300220787525,0.01268144603818655
0.0,0.0,0.0,0.0,0.0,0.0012686295667663217,0.0018692174926400185,0.005113236606121063,0.003775052959099412,0.0031081163324415684,0.0013132054591551423,0.0006368043832480907,0.0015577762387692928,0.0007140968227759004,0.0004933609743602574,0.0,0.0,0.0012164039071649313
0.0,0.0,0.0,0.0,0.0,0.0,0.0,0.0,0.0,0.0,0.005483193788677454,0.00821750983595848,0.002776419511064887,0.0011344306403771043,0.0003932667023036629,0.001208743080496788,0.0002827889984473586,0.0033129749353975058
0.0,0.0,0.0,0.0,0.0,0.0,0.0,0.0,0.0,0.0,0.0,0.0,0.0,0.0055273412726819515,0.007249387912452221,0.0,0.0013850941322743893,0.0
0.0,0.0,0.0,0.0,0.0,0.0,0.0,0.001480143517255783,0.0056577869690954685,0.008406796492636204,0.005271569825708866,0.005790733266621828,0.005624713376164436,0.0049684494733810425,0.0027251250576227903,0.0036037869285792112,0.0,0.002199165290221572
0.0,0.0,0.0,0.0,0.0,0.003449292154982686,0.0021887379698455334,0.004678037017583847,0.003949727397412062,0.003203480737283826,0.001696380553767085,0.0,0.0,0.0023231457453221083,0.0,0.0,0.0005579310818575323,0.00101111747790128
0.0,0.0,0.0,0.0,0.0,0.0,0.0,0.0,0.0,0.0007562275277450681,0.0008288522949442267,0.002632533200085163,0.002539188601076603,0.002987339743413031,0.0025696033844724298,0.0,0.0,0.0
0.0,0.0,0.0,0.0,0.0,0.0010155508061870933,0.0019912466523237526,0.004737095674499869,0.004578568390570581,0.009102900861762464,0.010635877551976591,0.020514317060587928,0.020827695436310023,0.007437536434736103,0.006508059042971581,0.0024928784696385264,0.01600571908056736,0.012967335991561413
0.0,0.0,0.0,0.0,0.0014221591409295797,0.004447250626981258,0.0026556788943707943,0.010764024686068296,0.009150874335318804,0.01645923196338117,0.010257760062813759,0.012532761320471764,0.0013543367967940867,0.0007688772748224437,0.0008214722038246691,0.0024121738970279694,0.00415227934718132,0.0005219641607254744
0.0,0.0,0.0018647139659151435,0.0013336272677406669,0.003202953841537237,0.0029681676533073187,0.0051636528223752975,0.0070236981846392155,0.005366303957998753,0.0063753812573850155,0.0097616424318403,0.010151646798476577,0.0068838243605569005,0.007856465876102448,0.004019264364615083,0.026594188064336777,0.06271446496248245,0.043790653347969055
0.0,0.0,0.0,0.0,0.0,0.0,0.0,0.0,0.0007145338458940387,0.0014940800610929728,0.0011837165802717209,0.0008999314159154892,0.0007309723296202719,0.0007770232041366398,0.0015946442726999521,0.0014974693767726421,0.0008695517317391932,0.0019453492714092135
0.0,0.0,0.0,0.000719212053809315,0.001652385457418859,0.0048975409008562565,0.006151879846584052,0.0013651278568431735,0.003858436248265207,0.008959683473221958,0.012039721594192088,0.01045399100985378,0.005743108049500734,0.0043717806693166494,0.0027245692908763885,0.004892404191195965,0.001822589198127389,0.007093910593539476
0.0,0.0,0.0,0.0,0.0,0.0010187150910496712,0.0032097315415740013,0.009012984111905098,0.008155792951583862,0.012876564636826515,0.00800554919987917,0.007011817768216133,0.0017433504108339548,0.002808264922350645,0.0,0.0027577094733715057,0.0018925643526017666,0.003370167687535286
0.0,0.0,0.0,0.0,0.0,0.0,0.0,0.0006899937288835645,0.0013455317821353674,0.004010874778032303,0.0029988372698426247,0.0,0.002599405823275447,0.0025782473385334015,0.0024749841541051865,0.0,0.0,0.0006018661078996956
0.0,0.0,0.0005789632559753954,0.0043014754774048924,0.006538577028550208,0.007883966551162302,0.015864742686972022,0.014120645355433226,0.02040562336333096,0.02023008360993117,0.03349239006638527,0.023775001987814903,0.012578386813402176,0.012084112269803882,0.012652273289859295,0.03131040732841939,0.029368463903665543,0.02286524325609207
0.0,0.0,0.0,0.0,0.0,0.0,0.0003112468693871051,0.0014747640816494823,0.0006368813337758183,0.0024323086836375296,0.0034365164465270936,0.005038045812398195,0.004113093949854374,0.0017257144208997488,0.0,0.0,0.002239563735201955,0.0004130505840294063
0.0,0.0,0.0,0.0,0.0,0.0,0.0003339535614941269,0.003403052920475602,0.0030286090914160013,0.0094933295622468,0.005770246032625437,0.003206733614206314,0.001584938378073275,0.0026751544792205095,0.001517705270089209,0.0014755273004993796,0.0,0.0
0.0,0.0,0.0,0.0,0.0,0.0,0.0,0.0,0.001226924010552466,0.0009152114507742226,0.004380309488624334,0.005177625920623541,0.0036641389597207308,0.0013164168922230601,0.0,0.0057440330274403095,0.006917850114405155,0.0005987370968796313
0.0,0.0,0.0,0.0,0.0019827380310744047,0.005095945671200752,0.004803503921721131,0.00991775467991829,0.009254002012312412,0.01216901745647192,0.011233335360884666,0.011602419428527355,0.0060402690432965755,0.011410064063966274,0.007163939531892538,0.0,0.0,0.003538276767358184