0.0,0.0,0.002704393118619919,0.02326985914260149,0.013092915527522564
0.0,0.0,0.010795585811138153,0.014420962892472744,0.013021532446146011
0.0,0.0,0.0029675787081941962,0.004895314108580351,0.0068920208141207695
0.0,0.0,0.0004353294207248837,0.011935675982385874,0.04730209708213806
0.0,0.0035395482555031776,0.027892298996448517,0.023138336837291718,0.030774647369980812
0.0,0.0,0.03841882757842541,0.04257712606340647,0.06927486509084702
0.0,0.0,0.01265735737979412,0.018755737459287047,0.011489322409033775
0.0,0.0,0.014727966859936714,0.037018220871686935,0.04884815216064453
0.0,0.0,0.012344890623353422,0.026261492632329464,0.045699816197156906
0.0,0.0007438617176376283,0.021487277001142502,0.02560601942241192,0.008879869244992733
0.0,0.0,0.0016251389170065522,0.009660045383498073,0.023767756298184395
0.0,0.0,0.0,0.004002291592769325,0.025197407230734825
0.0,0.0,0.0,0.00426362082362175,0.03197230398654938
0.0,0.0,0.007636604830622673,0.02154752751812339,0.02053222432732582
0.0,0.006920035928487778,0.010434013442136347,0.01101620023837313,0.007949372753500938
0.0,0.0,0.009315116971265525,0.015289083763491362,0.008400790393352509
0.0,0.0,0.009084586286917329,0.028767438605427742,0.07941564917564392
0.0,0.0,0.006135639734566212,0.023135810042731464,0.029362956061959267
0.0,0.0,0.02180102257989347,0.03887850610772148,0.050363585352897644
0.0,0.0,0.014078837120905519,0.040901102125644684,0.051740892231464386
0.0,0.01319563970901072,0.05071655195206404,0.02618682710453868,0.03086821362376213
0.0,0.0,0.009030626155436039,0.02485986053943634,0.039725836366415024
0.0,0.0,0.031105730682611465,0.03160272538661957,0.018473440781235695
0.0,0.0,0.007270548667293042,0.017422096338123083,0.02784734033048153
0.0,0.0012935440754517913,0.009893955662846565,0.010044281370937824,0.013529841788113117
0.0,0.0,0.0,0.0,0.028283163905143738
0.0,0.0,0.00945745687931776,0.005871031433343887,0.005756029859185219
0.0,0.002502771094441414,0.010095154866576195,0.010909597389400005,0.011642705649137497
0.0,0.0,0.00709703890606761,0.01667577028274536,0.017027700319886208
0.0,0.015424755401909351,0.009575007483363152,0.006811363156884909,0.013736909255385399