0.0,0.04496506316354498,0.49413080082740635,0.8714167304569855,1.1420221371081425,1.5738842306018341,2.114015753759304,2.4740394558466505,3.3836979535699356,4.294981779297814,5.694403299188707,6.801774019113509,19.465098216722254,22.702005911269225,27.529238742223242,31.23894280625973,40.54861230778624,43.34603973169578,41.33842024882324,27.587484720017528,86.4443409757223,119.20475552653079,26.86325529962778,73.88982050819322,141.46205386146903,46.72355270385742
0.0,0.03213879663962871,0.2775446771993302,0.4845919209183194,0.9150639338477049,0.9699316755577456,1.0843742291908711,1.229089460306568,1.473905692138942,1.8301061211968772,2.58737889805343,2.711588525038678,4.823779556463705,6.4065254693850875,6.990380455594277,9.201372387207812,12.760028014396084,19.01101558250957,19.72760338668013,18.878895109286532,23.53936393748154,46.589342986262636,90.06573260063305,16.435388406272978,8.101586940931156,52.37446212768555
0.03708426671801135,1.3157233237288892,5.921160606842022,9.262304363772273,15.22606074102805,22.12050613212341,30.444674326863606,75.67009482366848,138.07626341440482,166.1983737340197,178.14250351017108,167.33237237219873,159.47438037346,265.2680444099242,297.8399733027327,539.1713029539096,569.6391366776515,39.518858823605115,38.91914084245218,99.76170480548171,133.13580292960978,104.79622103041038,0.5240054521709681,0.6389689755160362,0.0006594993756152689,0.0
0.0,0.015319128957344219,0.46987339900806546,0.8296569226949941,1.265161872302997,1.358494468498975,1.666034931811737,1.9781945297727361,2.3198718601779547,2.880411927442765,3.478794971582829,4.298821665928699,6.627778697933536,14.07140834745951,16.367708180769114,19.444432295305887,43.10263692375156,67.8265586020716,205.41232904630306,88.50059049733682,110.99548765775398,5.431147293304093,102.99929186534428,37.16055974806659,0.9362180685275234,101.6094741821289
0.0,0.02253291755914688,0.2865155776089523,0.5415161151031498,0.8797033873561304,1.0611367946257815,1.2445249330194201,1.4940143050916959,1.7047396612761077,2.3419737927033566,2.744124960008776,3.041445820417721,4.920605223480379,7.191762070229743,8.112757520546438,11.951704913604772,26.115915110567585,40.14364397019381,55.194022708164994,46.809330595482606,33.65508686119574,32.309062677202746,20.203010082244873,28.02554416656494,40.31516923010349,0.0
0.017785657371859998,0.20814585711923428,1.3396916679630522,1.8756129188113846,3.052378204971319,6.79095527381287,7.9440759001881815,14.075334071356338,31.03592548093002,37.07728988074814,56.89628160747816,53.59192516937037,53.951344185785274,109.85862077027559,99.00971055950504,66.95585478722933,92.66132008277054,147.17523232952226,25.017538561864058,9.230715619953116,66.40684829588281,11.969348933955189,0.0,0.0005926932208240032,0.0039382027462124825,0.0
0.0,0.002735284622758627,0.10395012277876958,0.2431397565815132,0.47004771712818183,0.6207342796260491,0.7286585865949746,0.6749463501910213,0.7832626519375481,0.994978073053062,1.3344743669149466,1.524809425289277,2.3750186023826245,4.3603487482178025,5.0099653385113925,4.335580540122464,4.866594980558148,7.400561621499946,35.21546276003937,50.26394076819997,40.65094473044155,42.605151096591726,30.564166731201112,31.470718383789062,22.33420181274414,30.653091430664062
0.0,0.05198070328333415,0.8555195592634846,1.338743094704114,1.9192965532129165,2.3793144592200406,2.696398845364456,3.2089107495557982,3.7399089061073028,4.829834341915557,6.536380270059453,8.313536461791955,13.852895201358479,34.803435097361216,42.448878103808966,59.267941854312085,90.42637562204618,206.043621898134,283.6759821945452,97.80439740960719,5.817222375102574,11.014506081613945,34.43472409891547,17.768773597083054,0.0035320311435498297,0.0
0.000698557763826102,0.3221073919266928,1.3676287649723236,2.2185589412110858,3.5643832683272194,4.3742614355287515,5.9301353062619455,7.666185345762642,9.899960738257505,14.132225379929878,18.373449410224566,25.292589543532813,73.8715978327964,159.737184977188,169.7220882553229,200.60259491408942,221.52159444883,49.72093292392674,146.3615770098695,244.11575559570338,76.6348682740354,61.97091075812932,30.68614312261343,22.214649317553267,5.340360522270203,19.512792587280273
0.0005473396740853786,0.08394348513684236,0.4267642227059696,0.7637258590257261,0.9734860724711325,1.1898191898071673,1.3336922041198704,1.4591665082552936,1.589953267321107,2.9828076798003167,2.7488296540104784,2.9944706538226455,4.449484106211457,5.247301301307743,5.861458005296299,8.051806823321385,12.57153950931388,14.795607022562763,30.289167056180304,52.293134698993526,69.21967425470939,45.7711013405642,36.043331435415894,78.54419527389109,128.44999575888505,74.06596374511719
0.0,0.05026042740792036,0.5146461342228577,0.8332781871140469,0.9747013299784157,1.132346266618697,1.1856998701987322,1.6613600665004924,2.1480046825890895,2.2846632935106754,3.138438931462588,3.556799850484822,4.901879974640906,5.873114149173489,6.276225278299535,7.942165289714467,8.922717563225888,15.306185212277342,24.60837514558807,28.99683605277096,52.9291174687969,74.74513753218343,49.02741703367792,78.40051516890526,60.339199006557465,10.95923137664795
0.0,0.07061641503241844,0.45270149369025603,0.6647735459846444,0.7199971715162974,0.9095031454053242,1.0817357392807025,1.3300896248838399,1.6012886254902696,2.244513906771317,2.765220280358335,3.1015199168177787,4.005676306260284,5.780908013955923,7.076714481401723,8.743661304208217,10.58362332987599,13.86150257618283,26.692672262259293,30.503425221017096,56.56620807014406,65.99811232567299,110.1419049401884,68.46540069580078,5.340764939785004,0.0
0.0,0.07388991795596667,0.5527302319533192,0.9002261564601213,1.3491858973284252,1.811853977123974,1.8683692530321423,2.4599180471268483,2.9502954301133286,3.3654551164072473,4.34830365437665,4.49516333694919,5.197697520576185,7.2812346344289836,7.35807501670206,8.719217104138806,12.287128442927497,20.306248871027492,50.656718112237286,40.961133812583284,50.13988546998007,67.34185640374199,82.51109721962712,121.66451324336231,311.23497009277344,18.940338134765625
0.0,0.12952710496028885,0.9133755297225434,1.2297637710289564,1.8158389247546438,2.441652392735705,2.827164698857814,3.0809846720658243,3.9854836403101217,5.938737348536961,7.595045498863328,7.26124370310572,8.356608710309956,13.904097115708282,16.720312389225,20.514473177317996,25.962035248958273,35.40708977292525,73.55038960510865,64.41383107352885,68.12925265257945,84.51758416634402,126.42183132341597,117.40607885783538,144.75919953314587,18.973163604736328
0.009004066145280376,0.3100380446121562,2.013450216210913,2.5985081272374373,3.1286612010735553,4.097281133465003,6.226936914754333,8.238959124166286,9.160312184103532,11.896247205440886,15.654219646763522,17.031783071521204,20.39121002543834,32.94952611978806,49.44232279629796,130.40017946317676,70.87599825764482,76.38837854389567,57.43177239195211,100.18526240522624,179.36429903026146,125.56973039504373,211.30050667998148,192.52718973712763,186.6705424974789,0.0
0.0,0.003661593305878341,0.2456235381832812,0.40770412565325387,0.3709796020993963,0.4072082608763594,0.41337964427657425,0.438702366722282,0.573710594617296,0.751588602855918,1.0023218365386128,1.5081592627684586,2.535200632206397,3.8681007025879808,5.250312812771881,8.323397167725489,10.458976650988916,11.726122773136012,16.37053187104175,21.386723141069524,19.372017265763134,15.935760807071347,29.241766053135507,28.746898651123047,39.98690366744995,35.87825393676758
0.016981852357275784,0.3178617983357981,1.16722330119228,1.5800561714277137,2.410692036472028,3.3514691196614876,4.355272542277817,6.28515091247391,8.747511393594323,9.868887180025922,12.296372977783903,14.376350254198769,16.804543421429116,24.184366663714172,25.86717212726944,41.061802833137335,50.43285194123746,64.87668616991141,39.20283575906069,27.767056897107977,46.51370928136748,59.481462951691356,23.243272328050807,8.165112257003784,3.055105447769165,6.1420159339904785
0.0,0.05583460669731721,0.41380475481855683,0.5922034725372214,0.9886419507092796,1.2276281000376912,1.2050817482813727,1.5464927194698248,2.131213133397978,2.6341114979877602,3.633091223106021,4.609831440553535,4.933936964021996,5.762278972862987,7.774325854668859,13.360121059959056,17.133684149739565,21.59094654468936,27.435714934312273,27.168355742294807,32.273211987514514,38.99684113182593,34.97379205917241,28.75640269072028,7.302907787263393,72.84765625
0.0,0.02648851874982938,0.14060140424408019,0.19502701246528886,0.3989856119733304,0.627499177120626,0.6949462538468651,0.7913163051125593,1.0405660397664178,1.517447169229854,1.5801217688422184,1.7663904002693016,2.111585549690062,2.9187438125372864,3.5272918347618543,3.75287570891669,10.484328421298414,26.076091838418506,17.9597084405832,22.83119896176504,48.45507829359849,51.9938629247481,24.8357013289351,22.899210992385633,32.11287910398096,17.071191787719727
0.0,0.031677255989052355,0.45977662364020944,0.6436610042292159,0.8182819648063742,0.9182718463416677,1.0771842115209438,1.3414675804087892,1.5608014483877923,2.2147690792917274,2.6571149960218463,2.7491940328327473,4.670239231927553,7.214349370857235,7.422384552075528,10.333612637448823,7.925106181326555,11.284606934146723,19.66440722142579,45.4461876458663,43.24607356850174,40.430334520555334,76.71245373680722,39.874825606297236,19.680845676222816,69.08328247070312
0.00042086400208063424,0.02715015600551851,0.19648556696483865,0.303960064338753,0.4844816347176675,0.5302986492461059,0.5568267597118393,0.6716708143358119,0.7527996500721201,1.0132283705461305,1.1090184020868037,1.244760134111857,1.6337923736136872,2.6753357556881383,3.0642790331330616,2.5556701439491007,2.4212190136604477,4.068767476273933,4.509570063906722,5.314530871808529,5.6659759659087285,5.869016540527809,13.37296072312165,21.906524643767625,25.810039330273867,114.39717102050781
0.0,0.058325123914983124,0.6073846420040354,0.862389691406861,1.1946644597919658,1.4793878605996724,1.7531765256135259,2.112312352110166,2.4765844233043026,3.7679529041342903,3.7665130762325134,4.823660252004629,8.772385905031115,13.602969871310052,16.639977025974076,17.445827729592565,16.446486105996883,18.910786635999102,23.679203667270485,38.51549965626327,92.6930762079428,63.61939706077101,84.6710119919153,55.79649157478707,25.985735404887237,0.0
0.0,0.05263576752622612,0.644202924973797,0.9658228741318453,1.198611374158645,1.4960392213542946,1.8496904634521343,2.105146574846003,2.7685831431590486,3.1214574460464064,4.1748622188169975,5.913831750949612,9.257672440231545,12.884585143998265,17.246474992047297,32.74015707502258,53.59785679119523,49.18697023039567,77.26980357535649,88.06840983612346,83.85122194309952,70.11137764400337,48.74101033859188,43.11052761320025,96.2857436494669,148.05923461914062
0.004769986495375633,0.1928920771169942,0.9571431570220739,1.8067279354727361,2.665959548088722,3.2627649498463143,5.91372772687464,6.286244616145268,9.224725649546599,11.165776203823043,14.74375236031483,16.617216789978556,30.061569075711304,33.452791815507226,36.098847901739646,42.56243757146876,37.87694951094454,56.83442851383006,25.94493477998185,48.578720383899054,16.925179433310404,15.166417261265451,43.732201706501655,45.83100128173828,22.805261611938477,13.716230392456055
0.001962432113941759,0.16979489370714873,0.7823287448845804,1.3558985074632801,2.278713452426018,2.7180458884395193,3.8012770538043696,4.1622936222702265,5.598183426598553,6.878986861935118,8.456309973058524,15.347590404504444,23.565012486913474,43.10636592967785,20.04118812616798,15.110126141706132,10.083806249574991,19.4801365211315,12.509012579976115,11.672463472001255,35.17734160498367,22.27130721413414,37.39880255854223,22.658093873411417,21.213050365447998,0.0
0.00620074407197535,0.33218240208225325,1.605399488878902,2.4861993281228933,3.519448825827567,4.795825815584976,5.5259681708412245,7.379502257696004,10.737698311830172,12.501744532695739,23.776282041246304,27.114620136941085,57.26551942585502,68.93271096449462,72.28803321217129,167.93210709822597,178.79386803379748,346.2189587574685,204.3939599879377,42.20962100007455,60.39244364827755,46.93343215511413,4.012567831610795,0.021015928126871586,0.0013125670375302434,0.0
0.0,0.05917929520364851,0.4126959250716027,0.5852797362022102,0.769673272036016,0.8643250899622217,0.9697786055912729,1.025558322406141,1.321642235852778,1.6831591502705123,2.2253606903832406,2.9145875823451206,4.83138726578909,4.849403716158122,4.850565833243309,5.250242238340434,7.236900700139813,9.589599970146082,10.893336326174904,13.619651768764015,15.345309657219332,18.569188450288493,50.475851747673005,66.51949358920683,38.799163818359375,62.105712890625
0.002645157859660685,0.43190291296923533,1.9145538156444672,2.8017282840737607,4.434468483639648,6.318018150603166,8.102341487829108,15.160049927741056,27.79695078363875,51.562630366373924,62.891474125004606,76.28464276893646,61.87458067323314,71.48034172243206,82.5983418225951,199.43444942560745,72.61687622018508,52.662297742208466,40.41734314194764,151.29769574204693,125.89127735071816,197.49759444739902,58.91073535950272,0.026795014971867204,0.022741238644812256,0.0
0.0027619688771665096,0.053054011397762224,0.43593861025874503,0.6797147736069746,1.1478225713944994,1.3172426687087864,1.532605736370897,2.115477928746259,2.4348324790480547,3.0438703106774483,4.870551986794453,6.220355045050383,6.420214648125693,9.745582367933821,11.673723866784712,18.979956955474336,47.03033280951786,41.19016217556782,41.67357860808261,52.02870504412567,89.48252826930548,75.76187079169904,101.51615810906515,43.315268623118754,46.70241178944707,24.90003776550293
0.0,0.007134102168492973,0.41026250342838466,0.6547448582132347,0.8777183131023776,1.0278240886400454,1.1564879108336754,1.1136061094002798,1.162383311195299,1.6083477224165108,1.795564225059934,2.162526942411205,4.280527730341419,5.974127180030337,7.594290024979273,15.164001119381282,86.89265806524782,19.990598267235328,8.265491659461986,9.048688407317968,6.146340425271774,2.475811914948281,2.2563844507967588,4.481474864704069,42.40431594848633,5.610356330871582