0.0,0.0,0.0,0.0,0.0,0.0,0.0,0.0,0.0,0.0,0.0,0.0,0.0,0.0,0.0,0.0,0.0,0.0,0.0,0.0,0.0,0.0,0.0,0.0,0.0,0.0,0.0,0.0,0.0,0.0,0.0,0.0,0.0,0.0,0.0,0.0,0.0,0.0,0.0,0.0,0.0,0.0,0.0,0.0,0.0,0.0,0.0,0.0,0.0,0.0,0.0,0.0,0.0,0.0,0.0,0.0,0.0,0.0,0.0,0.0,0.0,0.0,0.0,0.0,0.0,0.0,0.0,0.0,0.0,0.0,0.0,0.0,0.0
0.0,0.0,0.0,0.0,0.0,0.0,0.0,0.0,0.0,0.0,0.0,0.0,0.0,0.0,0.0,0.0,0.0,0.0,0.0,0.0,0.0,0.0,0.0,0.0,0.0,0.0,0.0,0.0,0.0,0.0,0.0,0.0,0.0,0.0,0.0,0.0,0.0,0.0,0.0,0.0,0.0,0.0,0.0,0.0,0.0,0.0,0.0,0.0,0.0,0.0,0.0,0.0,0.0,0.0,0.0,0.0,0.0,0.0,0.0,0.0,0.0,0.0,0.0,0.0,0.0,0.0,0.0,0.0,0.0,0.0,0.0,0.0,0.0
0.0,0.0,0.0,0.0,0.0,0.0,0.0,0.0,0.0,0.0,0.0,0.0,0.0,0.0,0.0,0.0,0.0,0.0,0.0,0.0,0.0,0.0,0.0,0.0,0.0,0.0,0.0,0.0,0.0,0.0,0.0,0.0,0.0,0.0,0.0,0.0,0.0,0.0,0.0,0.0,0.0,0.0,0.0,0.0,0.0,0.0,0.0,0.0,0.0,0.0,0.0,0.0,0.0,0.0,0.0,0.0,0.0,0.0,0.0,0.0,0.0,0.0,0.0,0.0,0.0,0.0,0.0,0.0,0.0,0.0,0.0,0.0,0.0
0.0,0.0,0.0,0.0,0.0,0.0,0.0,0.0,0.0,0.0,0.0,0.0,0.0,0.0,0.0,0.0,0.0,0.0004198549431748688,0.0006651681615039706,0.0013516861945390701,0.0032636006362736225,0.005023363046348095,0.0,0.0,0.0,0.0,0.0,0.0,0.0,0.0,0.0,0.0,0.0,0.0,0.0,0.0,0.0,0.0,0.0,0.0,0.0,0.0,0.0,0.0,0.0,0.0,0.0,0.0,0.0,0.0,0.0,0.0,0.0,0.0,0.0,0.0,0.0,0.0,0.0,0.0,0.0,0.0,0.0,0.0,0.0,0.0,0.0,0.0,0.0,0.0,0.0,0.0,0.0
0.0,0.0,0.0,0.0,0.0,0.0,0.0,0.0,0.003123932285234332,0.0012180404737591743,0.002583221474196762,0.005138707580044866,0.004042973741889,0.007672443956835195,0.0054948232136666775,0.0,0.0,0.0,0.009409630671143532,0.00615049252519384,0.008124073036015034,0.009226000867784023,0.0025204988196492195,0.0024654914159327745,0.0012718373909592628,0.002050248207524419,0.0009448694763705134,0.0,0.0,0.0,0.0,0.0,0.0,0.0,0.0,0.0,0.002398949582129717,0.0,0.0,0.0,0.0,0.0,0.0,0.0007227887399494648,0.0,0.0,0.0,0.0,0.0,0.0,0.0,0.0,0.0,0.0,0.0,0.0,0.0,0.0,0.0,0.0,0.0,0.0,0.0,0.0,0.0,0.0,0.0,0.0,0.0,0.0,0.0,0.0,0.0
0.0,0.0,0.0,0.0,0.0,0.0,0.0,0.0,0.0,0.0,0.0,0.0,0.0,0.0,0.0,0.0014478623634204268,0.0002528118493501097,0.0013966584810987115,0.0017895424971356988,0.0014259222079999745,0.004525304364506155,0.0018176025478169322,0.0,0.0,0.0009995059808716178,0.002482194220647216,0.005655933637171984,0.0007178086671046913,0.02096012979745865,0.00041035463800653815,0.0,0.0,0.0011759661138057709,0.0024228335823863745,0.0011011670576408505,0.0,0.00053200195543468,0.0,0.00041925255209207535,0.0,0.0005998452543281019,0.0,0.0,0.0,0.0,0.0027367703150957823,0.0024848764296621084,0.0003512483963277191,0.001863839803263545,0.003978200722485781,0.0005240265745669603,0.0,0.0,0.0,0.0,0.0016404903726652265,0.0,0.0,0.0004989924491383135,0.0005534308147616684,0.0,0.0,0.0,0.0,0.0,0.0,0.0,0.0,0.0,0.0,0.0,0.0,0.0
0.0,0.0,0.0,0.0,0.0,0.0,0.0,0.0,0.0,0.0,0.0,0.0,0.0,0.0,0.0003032496606465429,0.0028964560478925705,0.0022973481100052595,0.0,0.0,0.0,0.0,0.0,0.0,0.0,0.0010312136728316545,0.0,0.0,0.0,0.0,0.0,0.001806562184356153,0.0,0.0,0.0011225560447201133,0.0,0.0,0.0006277917418628931,0.0,0.0,0.0,0.0,0.0,0.0,0.0,0.0,0.0,0.0,0.0,0.0,0.0,0.0,0.0,0.0,0.0,0.0,0.0,0.0,0.0,0.0,0.0,0.0,0.0,0.0,0.0,0.0,0.0,0.0,0.0,0.0,0.0,0.0,0.0,0.0
0.0,0.0,0.0,0.0,0.0,0.0,0.0,0.0,0.0,0.0,0.0,0.0,0.0,0.0,0.0,0.0,0.0,0.0,0.0,0.0,0.0,0.0,0.0,0.0,0.0,0.0,0.0,0.0,0.0,0.0,0.0,0.0,0.0,0.0,0.0,0.0,0.0,0.0,0.0,0.0,0.0,0.0,0.0,0.0,0.0,0.0,0.0,0.0,0.0,0.0,0.0,0.0,0.0,0.0,0.0,0.0,0.0,0.0,0.0,0.0,0.0,0.0,0.0,0.0,0.0,0.0,0.0,0.0,0.0,0.0,0.0,0.0,0.0
0.0,0.0,0.0,0.0,0.0,0.0,0.0,0.0,0.0,0.0,0.0,0.0,0.0,0.0,0.0,0.0,0.0,0.0,0.0,0.0,0.0,0.0,0.0,0.0,0.0,0.0,0.0,0.0,0.0,0.0,0.0,0.0,0.0,0.0,0.0,0.0,0.0,0.0,0.0,0.0,0.0,0.0,0.0,0.0,0.0,0.0,0.0,0.0,0.0,0.0,0.0,0.0,0.0,0.0,0.0,0.0,0.0,0.0,0.0,0.0,0.0,0.0,0.0,0.0,0.0,0.0,0.0,0.0,0.0,0.0,0.0,0.0,0.0
0.0,0.0,0.0,0.0,0.0,0.0,0.0,0.0,0.0,0.0,0.0,0.0,0.0,0.0,0.0,0.0,0.0,0.0,0.0,0.0,0.0,0.0,0.0,0.0,0.0,0.0,0.0,0.0,0.0,0.0,0.0,0.0,0.0,0.0,0.0,0.0,0.0,0.0,0.0,0.0,0.0,0.0,0.0,0.0,0.0,0.0,0.0,0.0,0.0,0.0,0.0,0.0,0.0,0.0,0.0,0.0,0.0,0.0,0.0,0.0,0.0,0.0,0.0,0.0,0.0,0.0,0.0,0.0,0.0,0.0,0.0,0.0,0.0
0.0,0.0,0.0,0.0,0.0,0.0,0.0,0.0,0.0,0.0,0.0,0.0,0.0,0.0,0.0,0.0,0.0,0.0,0.0,0.0,0.0,0.0,0.0,0.0,0.0,0.0,0.0,0.0,0.0,0.0,0.0,0.0,0.0,0.0,0.0,0.0,0.0,0.0,0.0,0.0,0.0,0.0,0.0,0.0,0.0,0.0,0.0,0.0,0.0,0.0,0.0,0.0,0.0,0.0,0.0,0.0,0.0,0.0,0.0,0.0,0.0,0.0,0.0,0.0,0.0,0.0,0.0,0.0,0.0,0.0,0.0,0.0,0.0
0.0,0.0,0.0,0.0,0.0,0.0,0.0,0.0,0.0,0.000357636105036363,0.0029987432062625885,0.0018846339080482721,0.001913836458697915,0.0005532277864404023,0.0,0.0,0.0,0.0,0.0005634576082229614,0.0,0.0,0.0,0.0,0.0,0.0,0.0,0.0,0.0,0.0,0.0,0.0,0.0,0.0,0.0,0.0,0.0,0.0,0.0,0.0,0.0,0.0,0.0,0.0,0.0,0.0,0.0,0.0,0.0009877169504761696,0.0,0.0,0.0,0.0,0.0,0.0,0.0,0.0,0.0,0.0,0.0,0.0,0.0,0.0,0.0,0.0,0.0,0.0,0.0,0.0,0.0,0.0,0.0,0.0,0.0
0.0,0.0,0.010151973110623658,0.01785423292312771,0.021249721758067608,0.02133110724389553,0.012761375401169062,0.018788099754601717,0.015748522710055113,0.00921593513339758,0.007182546891272068,0.004304925911128521,0.01726480759680271,0.014932257123291492,0.006391755770891905,0.006220660172402859,0.01628887467086315,0.02100321091711521,0.017644615843892097,0.01615888811647892,0.01853599480818957,0.014280341565608978,0.0277534190681763,0.016408255323767662,0.008986711036413908,0.019263628870248795,0.004885833710432053,0.01561292534461245,0.009102212265133858,0.020086009986698627,0.056919146911241114,0.0,0.0,0.0,0.0,0.0,0.0,0.0,0.0,0.0,0.0,0.0,0.0,0.0,0.0,0.0,0.0,0.0,0.0,0.0,0.0,0.0,0.0,0.0,0.0,0.0,0.0,0.0,0.0,0.0,0.0,0.0,0.0,0.0,0.0,0.0,0.0,0.0,0.0,0.0,0.0,0.0,0.0
0.0,0.0,0.000539393222425133,0.0021753417677246034,0.012379134306684136,0.02185995364561677,0.02422339259646833,0.01945875457022339,0.01509090478066355,0.01548880955670029,0.019614154007285833,0.021992584166582674,0.01873897126642987,0.052861670788843185,0.06547523810877465,0.038868818315677345,0.030594732495956123,0.047238276165444404,0.07289640791714191,0.08354758424684405,0.09548841812647879,0.1529007109347731,0.08072853623889387,0.06984019605442882,0.16559570142999291,0.21793071925640106,0.13623405992984772,0.08091665804386139,0.13245095312595367,0.14086481928825378,0.10672098631039262,0.09478294104337692,0.06289832293987274,0.06678312551230192,0.052766431123018265,0.04797033965587616,0.05948973074555397,0.05878822132945061,0.11158694326877594,0.07675687968730927,0.08466530591249466,0.08837326616048813,0.14448466897010803,0.12810133397579193,0.1329328715801239,0.10084821283817291,0.08099868893623352,0.04201401770114899,0.022286642342805862,0.015813851729035378,0.01817268319427967,0.010527442209422588,0.009166950359940529,0.017476802691817284,0.018583590164780617,0.015114420093595982,0.011936338618397713,0.006268140394240618,0.0,0.0,0.0,0.0,0.0,0.0,0.0,0.0,0.0,0.0,0.0,0.0,0.0,0.0,0.0
0.0,0.0,0.0,0.0,0.0,0.0,0.0,0.0,0.0,0.0,0.0,0.0,0.0,0.0,0.0,0.0,0.0,0.0,0.0,0.0,0.0,0.0,0.0,0.0,0.0,0.0,0.0,0.0,0.0,0.0,0.0,0.0,0.0,0.0,0.0,0.0,0.0,0.0,0.0,0.0,0.0,0.0,0.0,0.0,0.0,0.0,0.0,0.0,0.0,0.0,0.0,0.0,0.0,0.0,0.0,0.0,0.0,0.0,0.0,0.0,0.0,0.0,0.0,0.0,0.0,0.0,0.0,0.0,0.0,0.0,0.0,0.0,0.0
0.0,0.0,0.0,0.0,0.0,0.0,0.0,0.0,0.0,0.0,0.0,0.0,0.0,0.000261540524661541,0.0,0.0005809605936519802,0.0013152899919077754,0.0,0.0024057498667389154,0.0020644990727305412,0.0005304879159666598,0.0,0.0,0.0,0.0,0.0004894715966656804,0.0010681332787498832,0.0,0.0034686741419136524,0.0,0.0,0.0,0.0,0.0,0.0,0.0,0.0,0.0,0.0,0.0,0.0,0.0,0.0,0.0,0.0,0.0,0.0,0.0,0.0,0.0,0.0,0.0,0.0,0.0,0.0,0.0,0.0,0.0,0.0,0.0,0.0,0.0,0.0,0.0,0.0,0.0,0.0,0.0,0.0,0.0,0.0,0.0,0.0
0.0,0.0,0.0,0.0,0.0,0.0,0.0,0.0,0.0,0.0,0.0,0.0,0.0,0.004727515857666731,0.004479797091335058,0.0,0.0,0.0,0.00039300459320656955,0.0029028677381575108,0.0007321864832192659,0.0,0.0,0.0,0.0,0.0,0.0,0.0,0.0,0.0,0.0,0.0,0.0,0.0,0.0,0.0,0.0,0.0,0.0,0.0,0.0,0.0,0.0,0.0,0.0,0.0,0.0,0.0,0.0,0.0,0.0,0.0,0.0,0.0,0.0,0.0,0.0,0.0,0.0,0.0,0.0,0.0,0.0,0.0,0.0,0.0,0.0,0.0,0.0,0.0,0.0,0.0,0.0
0.0,0.0,0.0,0.0,0.0,0.0,0.0,0.0,0.0,0.0,0.0,0.0,0.0,0.0,0.0,0.0,0.0,0.0,0.0,0.0,0.0,0.0,0.0,0.0,0.0,0.0,0.0,0.0,0.0,0.0,0.0,0.0,0.0,0.0,0.0,0.0,0.0,0.0,0.0,0.0,0.0,0.0,0.0,0.0,0.0,0.0,0.0,0.0,0.0,0.0,0.0,0.0,0.0,0.0,0.0,0.0,0.0,0.0,0.0,0.0,0.0,0.0,0.0,0.0,0.0,0.0,0.0,0.0,0.0,0.0,0.0,0.0,0.0
0.0,0.0,0.0,0.0,0.0,0.0,0.0,0.0,0.0,0.0,0.0,0.0,0.0,0.0,0.0,0.0,0.0007364687044173479,0.00045157410204410553,0.0032368561951443553,0.003262151265516877,0.0012097941944375634,0.0,0.0,0.0008707884699106216,0.0,0.0,0.0,0.0018359635723754764,0.0,0.0008662357577122748,0.001603664131835103,0.0,0.0,0.0,0.0,0.0,0.0,0.0,0.0,0.0,0.0,0.0,0.0,0.0,0.0,0.0,0.0,0.0,0.0,0.0,0.0,0.0,0.0,0.0,0.0,0.0,0.0,0.0,0.0,0.0,0.0,0.0,0.0,0.0,0.0,0.0,0.0,0.0,0.0,0.0,0.0,0.0,0.0
0.0,0.0,0.0,0.0005842977552674711,0.0023761200718581676,0.006360305473208427,0.007251985836774111,0.005341264884918928,0.003396913700271398,0.003216215583961457,0.0025853976258076727,0.009024403931107372,0.004598584724590182,0.004730199230834842,0.0014825722901150584,0.0011657440336421132,0.016054589301347733,0.011764893308281898,0.00609195651486516,0.007070300169289112,0.0014728610403835773,0.0036032090429216623,0.005503172520548105,0.0012334404746070504,0.0039793564938008785,0.003873253706842661,0.0007880317280068994,0.0018897188710980117,0.0013510523131117225,0.0012041942682117224,0.0042112721130251884,0.008414225187152624,0.0029484338592737913,0.0,0.006231741514056921,0.003170889336615801,0.0024418318644165993,0.005932317581027746,0.004603723529726267,0.0024307097773998976,0.005506778601557016,0.012339751236140728,0.016665294766426086,0.007407921366393566,0.01148969866335392,0.012788123451173306,0.0026240062434226274,0.0015928877983242273,0.0,0.0,0.0015999451279640198,0.0006036310223862529,0.00042865934665314853,0.0025175807531923056,0.0,0.0004965816042385995,0.0017145007150247693,0.009928611107170582,0.016671113669872284,0.012698525562882423,0.010884183458983898,0.013856153935194016,0.013655046932399273,0.009437648579478264,0.0033359306398779154,0.002699682954698801,0.0038252563681453466,0.002035353099927306,0.002971961162984371,0.0,0.0,0.0,0.0
0.0,0.0,0.0,0.0,0.00211686035618186,0.0036174519918859005,0.0030094434041529894,0.000945369596593082,0.0019910349510610104,0.0006147698732092977,0.0007739497232250869,0.0,0.005489569390192628,0.0094915134832263,0.01065970677882433,0.007752921432256699,0.0038610503543168306,0.0008774262387305498,0.006241590715944767,0.025989139452576637,0.012629855424165726,0.014447443187236786,0.005227833054959774,0.002114855218678713,0.002401341451331973,0.0,0.001408640993759036,0.0,0.0,0.0,0.0,0.0,0.0,0.0005740364431403577,0.0,0.0007111895829439163,0.0,0.0,0.0,0.0,0.0,0.0,0.0,0.0,0.0,0.0,0.0,0.0,0.0,0.0,0.0,0.0,0.0,0.0,0.0,0.0,0.0,0.0,0.0,0.0,0.0,0.0,0.0,0.0,0.0,0.0,0.0,0.0,0.0,0.0,0.0,0.0,0.0
0.0,0.0,0.0,0.0,0.0,0.0,0.0,0.0,0.0,0.0,0.0006963590276427567,0.00042150693479925394,0.0005114978994242847,0.0009244557004421949,0.0003226785047445446,0.0,0.0,0.0,0.0,0.0,0.0,0.0,0.0,0.0,0.0016868753591552377,0.0,0.0,0.0042616999708116055,0.00041242290171794593,0.0,0.0,0.0003747037553694099,0.009686572942882776,0.02594044990837574,0.0023656177800148726,0.0,0.0013678665272891521,0.0011131229111924767,0.0,0.0,0.0,0.0,0.0007032338762655854,0.0,0.005153048317879438,0.0,0.0019448259845376015,0.0009351468179374933,0.0035916967317461967,0.0,0.0,0.0,0.0,0.0,0.0,0.005025080405175686,0.0070798625238239765,0.00334623153321445,0.010544491931796074,0.0016347700729966164,0.0026839079800993204,0.007138506509363651,0.007591514382511377,0.001270499313250184,0.0,0.002060184720903635,0.0018792182672768831,0.0007046430255286396,0.0,0.0027871313504874706,0.0019512235885486007,0.0007134765037335455,0.0016801769379526377
0.0,0.0,0.0,0.0,0.0,0.0,0.00188253924716264,0.01069223036756739,0.012108528870157897,0.024089481914415956,0.01386819314211607,0.0114344991161488,0.026629836997017264,0.013221714179962873,0.009893999493215233,0.006737619027262554,0.006411231734091416,0.0246101341326721,0.052331770304590464,0.030634389142505825,0.012968468014150858,0.010635108774295077,0.012565608834847808,0.0166296981042251,0.02997689542826265,0.02952724150964059,0.08753624884411693,0.003879118710756302,0.010948567651212215,0.022301005432382226,0.045518101134803146,0.03915290773147717,0.07692344859242439,0.048252249136567116,0.0599942309781909,0.07267708890140057,0.17611058428883553,0.2946094274520874,0.3509223163127899,0.3861164450645447,0.2735452353954315,0.12736526131629944,0.24260687828063965,0.38557469844818115,0.4003688097000122,0.17705628275871277,0.0430440790951252,0.137368306517601,0.07364695519208908,0.04978855699300766,0.04067262262105942,0.060104768723249435,0.10694772750139236,0.06826123595237732,0.083559550344944,0.09142103046178818,0.10290173441171646,0.12913228571414948,0.0,0.0,0.0,0.0,0.0,0.0,0.0,0.0,0.0,0.0,0.0,0.0,0.0,0.0,0.0
0.0,0.0,0.0,0.0,0.0,0.0,0.0,0.0,0.0,0.0,0.0,0.0,0.0,0.0,0.0,0.0,0.0,0.0,0.0,0.0,0.0,0.0,0.0,0.0,0.0,0.0,0.0,0.0,0.0,0.0,0.0,0.0,0.0,0.0,0.0,0.0,0.0,0.0,0.0,0.0,0.0,0.0,0.0,0.0,0.0,0.0,0.0,0.0,0.0,0.0,0.0,0.0,0.0,0.0,0.0,0.0,0.0,0.0,0.0,0.0,0.0,0.0,0.0,0.0,0.0,0.0,0.0,0.0,0.0,0.0,0.0,0.0,0.0
0.0,0.0,0.0,0.0,0.0,0.0,0.0,0.0,0.0,0.0,0.0,0.0,0.0,0.0,0.0,0.0,0.0,0.0,0.0,0.0,0.0,0.0,0.0,0.0,0.0,0.0,0.0,0.0,0.0,0.0,0.0,0.0,0.0,0.0,0.0,0.0,0.0,0.0,0.0,0.0,0.0,0.0,0.0,0.0,0.0,0.0,0.0,0.0,0.0,0.0,0.0,0.0,0.0,0.0,0.0,0.0,0.0,0.0,0.0,0.0,0.0,0.0,0.0,0.0,0.0,0.0,0.0,0.0,0.0,0.0,0.0,0.0,0.0
0.0,0.0,0.0,0.0,0.0,0.0,0.0,0.0,0.0,0.0,0.0,0.0,0.0,0.0,0.0,0.0006576094892807305,0.0003725802234839648,0.001098618726246059,0.003954215440899134,0.000974944094195962,0.0,0.0,0.0,0.0,0.0,0.0,0.0,0.0,0.0,0.0,0.0,0.0,0.0,0.0,0.0,0.0,0.0,0.0,0.0,0.0,0.0,0.0,0.0,0.0,0.0,0.0,0.0,0.0,0.0,0.0,0.0,0.0,0.0,0.0,0.0,0.0,0.0,0.0,0.0,0.0,0.0,0.0,0.0,0.0,0.0,0.0,0.0,0.0,0.0,0.0,0.0,0.0,0.0
0.0,0.0,0.0,0.0,0.0,0.002942637773230672,0.005130557343363762,0.005681333306711167,0.003666089498437941,0.006297043524682522,0.011663629731629044,0.01442275766748935,0.02020276215625927,0.01896338176447898,0.016355101310182363,0.005948451464064419,0.0016691809287294745,0.011589115485548973,0.02633697632700205,0.013626203872263432,0.010442645289003849,0.01019978430122137,0.005777840036898851,0.008358925813809037,0.0006447973428294063,0.012161285616457462,0.03336391970515251,0.025001289322972298,0.0032950849272310734,0.007213914301246405,0.0062338486313819885,0.002991313813254237,0.002352990908548236,0.0,0.0038852309808135033,0.0006198555929586291,0.0011839161161333323,0.005515127442777157,0.0,0.0007529412396252155,0.0,0.00034861601307056844,0.0,0.0007467967225238681,0.0008218345465138555,0.0,0.0,0.0,0.0,0.0,0.0,0.0,0.0007578707300126553,0.0007261215359903872,0.0,0.0,0.0,0.00041778970626182854,0.0010246273595839739,0.0,0.0,0.0,0.0,0.0,0.0,0.0,0.0,0.0,0.0,0.0,0.0,0.0,0.0
0.0,0.0,0.0,0.0,0.0,0.0,0.0,0.0,0.0,0.0,0.0,0.0,0.0,0.0,0.0,0.0,0.0,0.0,0.0,0.0,0.0,0.0,0.0,0.0,0.0,0.0,0.0,0.0,0.0,0.0,0.0,0.0,0.0,0.0,0.0,0.0,0.0,0.0,0.0,0.0,0.0,0.0,0.0,0.0,0.0,0.0,0.0,0.0,0.0,0.0,0.0,0.0,0.0,0.0,0.0,0.0,0.0,0.0,0.0,0.0,0.0,0.0,0.0,0.0,0.0,0.0,0.0,0.0,0.0,0.0,0.0,0.0,0.0
0.0,0.0,0.0,0.0,0.0,0.0,0.0,0.0,0.0,0.0,0.0,0.0,0.0,0.0,0.0005877829971723258,0.0,0.0,0.0004933777381666005,0.003921498544514179,0.0,0.0043462347239255905,0.0,0.0,0.0,0.0,0.0,0.0,0.0,0.0,0.0012678155908361077,0.0009752405458129942,0.0005762660875916481,0.0,0.0017874198965728283,0.0013806885108351707,0.0,0.0,0.0,0.0,0.0,0.0,0.0,0.0,0.0007194206118583679,0.0,0.0,0.0,0.0,0.0,0.0,0.0,0.0,0.0,0.0,0.0,0.0,0.0,0.0,0.0,0.0,0.0,0.0,0.0,0.0,0.0,0.0,0.0,0.0,0.0,0.0,0.0,0.0,0.0
0.0,0.0,0.0,0.0,0.0,0.0,0.0,0.0,0.0,0.0,0.0,0.0,0.00034910073736682534,0.0016791162779554725,0.0032753353007137775,0.0004738181014545262,0.0,0.0,0.0,0.0,0.0,0.0,0.0,0.0,0.0,0.0,0.0,0.0,0.0,0.0,0.0,0.0,0.0,0.0,0.0,0.0,0.0,0.0,0.0,0.0,0.0,0.0,0.0,0.0,0.0,0.0,0.0,0.0,0.0,0.0,0.0,0.0,0.0,0.0,0.0,0.0,0.0,0.0,0.0,0.0,0.0,0.0,0.0,0.0,0.0,0.0,0.0,0.0,0.0,0.0,0.0,0.0,0.0