0.0,0.0,0.0,0.0,0.0,0.0,0.0006112146656960249,0.002860649721696973,0.006008848547935486,0.005897004157304764,0.0033890902996063232,0.00373983196914196,0.000779230089392513,0.0,0.0005115486565046012,0.0,0.0,0.0011501864064484835,0.003972758655436337,0.00810164213180542,0.03494848310947418,0.03189330920577049
0.0,0.0,0.0,0.0,0.0,0.0,0.0,0.0038044353714212775,0.0035135431680828333,0.009264477994292974,0.014669336844235659,0.012297323904931545,0.012375490157864988,0.002376292715780437,0.0014617686392739415,0.006380647362675518,0.010839506139745936,0.01398687285836786,0.04817300196737051,0.010263724019750953,0.03046770766377449,0.015783270820975304
0.0,0.0,0.0,0.0,0.0,0.0,0.0,0.0007150848396122456,0.0,0.004084126092493534,0.008926709182560444,0.007970273494720459,0.007501960266381502,0.002871857024729252,0.003267899854108691,0.0,0.0007327523198910058,0.004106767009943724,0.004731966648250818,0.0006170117412693799,0.007060429081320763,0.008925478905439377
0.0,0.0,0.0,0.0,0.0,0.0,0.0,0.0005029578460380435,0.0012084239860996604,0.0005849755834788084,0.0,0.0010918992338702083,0.005539497826248407,0.0038229606579989195,0.0008436015341430902,0.0005631042295135558,0.0,0.0,0.0,0.002025739522650838,0.0023326780647039413,0.0033604546915739775
0.0,0.0,0.0,0.0011134723899886012,0.0026055611670017242,0.007048092549666762,0.017318780533969402,0.026193496771156788,0.011733160121366382,0.009788184659555554,0.001596613205038011,0.0,0.0006982990889810026,0.006445361766964197,0.007634814828634262,0.0,0.0008537172107025981,0.0007514499593526125,0.0038675968535244465,0.0,0.009639158844947815,0.007500934414565563
0.0,0.0,0.0,0.0,0.0,0.0,0.0,0.0,0.0,0.0,0.0,0.0,0.0,0.0020463992841541767,0.0007286870386451483,0.0,0.0,0.0017390013672411442,0.0016485515516251326,0.00422278419137001,0.001801877748221159,0.0023760092444717884
0.0,0.0,0.0,0.0014483839040622115,0.0005815988406538963,0.003088817000389099,0.003374084597453475,0.0038376920856535435,0.0031728569883853197,0.0028994206804782152,0.004443249199539423,0.003086358541622758,0.0,0.000534671766217798,0.0012930756201967597,0.000732375425286591,0.0,0.0033812213223427534,0.006869637873023748,0.0038007893599569798,0.03185223415493965,0.004417812917381525
0.0,0.0,0.0,0.00044311664532870054,0.0014589332276955247,0.003319889074191451,0.005014488939195871,0.010536552406847477,0.011648452840745449,0.00940063246525824,0.004499764647334814,0.008598752086982131,0.007272591581568122,0.005469083087518811,0.005053144181147218,0.00206327554769814,0.004774084780365229,0.02022406831383705,0.012309701181948185,0.01537610188825056,0.003477893304079771,0.0058838194236159325
0.0,0.0,0.0,0.0,0.0033767896238714457,0.005065976991318166,0.003519940422847867,0.0018212652066722512,0.0005670493119396269,0.0028210964519530535,0.004001254215836525,0.002946679713204503,0.0003805165470112115,0.0,0.0,0.0,0.0011428080033510923,0.0064451550133526325,0.0022312835790216923,0.0016909012338146567,0.001621343195438385,0.00528875133022666
0.0,0.0,0.0,0.0,0.0,0.0,0.0,0.0,0.0,0.0005903163691982627,0.0,0.0004915819736197591,0.0025803977041505277,0.0031925688963383436,0.0014123403234407306,0.00141179992351681,0.0024679689668118954,0.006135840201750398,0.00542038818821311,0.0036773786414414644,0.00040574459126219153,0.0
0.0,0.0,0.0,0.0,0.0,0.0,0.0,0.0,0.0,0.0,0.0014187059132382274,0.0019451356492936611,0.0023896514903753996,0.0034871867392212152,0.0014481083489954472,0.00409740989562124,0.004287223506253213,0.0,0.0004814499116037041,0.000409306725487113,0.006243509240448475,0.0
0.0,0.0,0.0,0.0,0.0004799509479198605,0.0,0.0028345310129225254,0.0008859058143571019,0.00045578277786262333,0.000508977856952697,0.0,0.0014511402696371078,0.0,0.0,0.0,0.0,0.0,0.0005987011827528477,0.0006318863015621901,0.0,0.0025109921116381884,0.00895468145608902
0.0,0.0,0.0,0.0,0.0009519834420643747,0.005167036317288876,0.0066324081271886826,0.011392918415367603,0.007963555864989758,0.004848253447562456,0.003718564985319972,0.002685850253328681,0.000666631618514657,0.0009035659022629261,0.0005586571642197669,0.0006387491011992097,0.0007134083425626159,0.0006001318688504398,0.0023440509103238583,0.004302755929529667,0.0008542279829271138,0.0008484342833980918
0.0,0.0,0.0,0.0,0.0,0.0,0.0,0.0,0.0,0.0,0.0,0.0,0.0,0.0009478067513555288,0.00043600451317615807,0.0011380104115232825,0.0031300573609769344,0.004076990764588118,0.0,0.0,0.0,0.0
0.0,0.0,0.0,0.002512634266167879,0.007445951516274363,0.013440231792628765,0.014930070377886295,0.012693169759586453,0.00606816983781755,0.0031824184115976095,0.011509654112160206,0.009168199263513088,0.007689678575843573,0.005147184710949659,0.0018085871124640107,0.0040123192593455315,0.003723232774063945,0.004065463785082102,0.003331925254315138,0.017904307693243027,0.009923155419528484,0.013684893026947975
0.0,0.0,0.0,0.0,0.0,0.0013864990323781967,0.0016331217484548688,0.004057110752910376,0.0014458638615906239,0.0018098229775205255,0.0029060132801532745,0.006812674691900611,0.015211163321509957,0.011698545888066292,0.013153940439224243,0.003945258446037769,0.001029247185215354,0.00297371344640851,0.0,0.00038396258605644107,0.0015244382666423917,0.0
0.0,0.0,0.0,0.0,0.0,0.0,0.0,0.0,0.0,0.0,0.0,0.0,0.0010925022652372718,0.002593191107735038,0.0,0.0013861251063644886,0.0005705577204935253,0.0025916099548339844,0.005197880789637566,0.0006221893127076328,0.0,0.0
0.0,0.0,0.0,0.0,0.0,0.0,0.0011492132907733321,0.005839542485773563,0.005004287697374821,0.004986274521797895,0.0,0.0021056230179965496,0.001218127436004579,0.0,0.0,0.0,0.0021559479646384716,0.002986994106322527,0.005513525102287531,0.0034924906212836504,0.003011992434039712,0.0
0.0,0.0,0.0,0.0,0.0,0.0,0.0,0.00046946483780629933,0.001223224913701415,0.004780821036547422,0.006462138378992677,0.00867758528329432,0.003816610900685191,0.005941507581155747,0.0011977379908785224,0.0011817634804174304,0.005280697718262672,0.004926174879074097,0.003266768530011177,0.0,0.004771919921040535,0.0016165099805220962
0.0,0.0,0.0,0.0,0.0,0.0,0.0,0.0,0.0,0.0,0.0,0.0,0.0005512715433724225,0.0036558802239596844,0.002244740491732955,0.0008216091082431376,0.006567003671079874,0.00785743139567785,0.0,0.0,0.0036497581750154495,0.005202810745686293
0.0,0.0,0.0,0.0,0.0,0.0,0.0,0.0,0.0,0.0,0.0,0.0,0.0,0.0016410613898187876,0.002589260460808873,0.0026124599389731884,0.0012649140553548932,0.0,0.0,0.0,0.0,0.0
0.0,0.0,0.0,0.0,0.0,0.0,0.0,0.0006858363631181419,0.0017055643256753683,0.00042599422158673406,0.002425295766443014,0.003099754685536027,0.006743989419192076,0.014436869882047176,0.017062678933143616,0.003168085590004921,0.0,0.0013457408640533686,0.0017898069927468896,0.0,0.0,0.000669197179377079
0.0,0.0,0.0,0.0,0.0,0.0,0.0,0.0,0.0,0.0,0.0004751998058054596,0.0012144295033067465,0.006693222094327211,0.005444644019007683,0.002883023349568248,0.0003790384507738054,0.0005424102419055998,0.0007045322563499212,0.0,0.0,0.0,0.004959750454872847
0.0,0.0,0.0,0.0,0.0,0.0,0.0,0.0,0.0,0.0,0.0,0.0,0.0,0.0,0.0,0.0,0.0,0.0,0.002074980875477195,0.0011817237827926874,0.0,0.0
0.0,0.0,0.0,0.0,0.0,0.0,0.0,0.0023485985584557056,0.0023799699265509844,0.004474189598113298,0.0027574789710342884,0.002617539605125785,0.0,0.0004323339380789548,0.00037776606041006744,0.0062796385027468204,0.0035696900449693203,0.0016963159432634711,0.0,0.0,0.0010583605617284775,0.0005847155698575079
0.0,0.0,0.0,0.001304321805946529,0.004434858914464712,0.00773222092539072,0.012494885362684727,0.013667045161128044,0.010452390415593982,0.005453880177810788,0.005057379021309316,0.0021799884852953255,0.002855991944670677,0.00396499945782125,0.0021859692060388625,0.0035378600005060434,0.01778242364525795,0.023557472974061966,0.04035433381795883,0.013150718063116074,0.003567246487364173,0.005632106680423021
0.0,0.0,0.0,0.0,0.0,0.0,0.0,0.002094825031235814,0.004449278465472162,0.016213104128837585,0.01869161520153284,0.020899774361168966,0.007052614586427808,0.005388122342992574,0.0011696223518811166,0.0029788396786898375,0.004725638311356306,0.004173130262643099,0.0,0.007978292182087898,0.0015073828399181366,0.0006172768771648407
0.0,0.0,0.0,0.0,0.0,0.0,0.0,0.0,0.0,0.0,0.0,0.0,0.0010258330730721354,0.0031917099840939045,0.003425789065659046,0.000379969016648829,0.0,0.0,0.0,0.0,0.0,0.001017445814795792
0.0,0.0,0.0,0.0,0.0,0.0,0.0,0.0,0.0,0.0,0.0,0.0,0.0,0.0,0.0,0.001347414799965918,0.003005601931363344,0.003086823970079422,0.0,0.0005359378992579877,0.006545735988765955,0.0034832905512303114
0.0,0.0,0.0,0.0,0.0,0.0,0.0,0.0,0.0,0.0010052855359390378,0.0011270784307271242,0.001416894723661244,0.002397640608251095,0.0023954296484589577,0.0016043863724917173,0.0007634198991581798,0.0,0.0012839827686548233,0.0010131227318197489,0.0,0.0,0.0