0.0,0.0008770001004450023,0.02469563012709841,0.06483983769430779,0.11304870623280294,0.12839195225387812,0.11739230871899053,0.11134204146219417,0.14521616470301524,0.22598537598969415,0.21877105176099576,0.1961500003526453,0.26730041520204395,0.32193331493181176,0.384170712903142,0.5347885796800256,0.6520458350423723,0.6246579886646941,0.6111398030770943,0.6949438691372052,1.0932500464841723,0.988987870310666,1.1503298927564174,2.497708797454834,2.738362029194832,2.5634219646453857
0.0,0.0,0.017947479616850615,0.023165610386058688,0.053835154336411506,0.08195715784677304,0.10866750928107649,0.09622030492755584,0.0782127128331922,0.07447041044360958,0.10901939659379423,0.1147880595526658,0.1387857070658356,0.21451073209755123,0.31378900969866663,0.34724015364190564,0.44810825143940747,0.38806432485580444,0.47524088830687106,0.8423785932827741,0.6343300471780822,0.6751292104017921,1.367901086807251,1.1174380779266357,2.556770086288452,1.3233039379119873
0.0,0.0013335029361769557,0.06449979863828048,0.11373797891428694,0.17485451081302017,0.2803032976516988,0.29783121298532933,0.21980806341161951,0.21800989529583603,0.31447400170145556,0.40830670011928305,0.39680796331958845,0.5326293763937429,0.9035781463608146,0.9824258137959987,1.1066495295381173,1.025215996807674,0.907677774579497,0.8710282028769143,1.3554778606630862,1.7120838413829915,1.9917742374236695,6.364096838282421,9.22275447845459,17.94491958618164,22.471126556396484
0.0,0.032971378648653626,0.21101024420931935,0.23651486332528293,0.3514186672400683,0.36190744600025937,0.388667187478859,0.6121263007808011,0.8059762022458017,0.8828385297383647,1.154418554098811,1.4950470698531717,1.6619865427492186,2.634336558083305,2.085532319440972,2.7968753819877747,2.444959133572411,3.2322152967681177,5.167829491896555,5.796777990704868,8.878981590270996,13.975201606750488,7.4652323722839355,12.80794620513916,14.273929769173265,11.828840255737305
0.0,0.00046273780753836036,0.02002201578579843,0.05341354460688308,0.10430400079349056,0.12000588531373069,0.12598254054319113,0.12599308730568737,0.12130594486370683,0.12875807436648756,0.11137773608788848,0.11914745435933582,0.18297574657481164,0.3996850902913138,0.33146221135393716,0.48587476115790196,0.848125797114335,0.7630404238589108,0.46642054500989616,0.4851092785829678,0.6379186800913885,1.0073620068724267,1.0339370775036514,1.5449868978466839,2.703119239071384,2.013582468032837
0.0,0.0027485345490276814,0.11402586003532633,0.21102271624840796,0.25473313103429973,0.30101636645849794,0.3100653074798174,0.2964262636960484,0.3466144914855249,0.4139750213944353,0.5447028756898362,0.6770172712858766,0.7198661663860548,1.093270610930631,1.0779467389220372,1.0587331819115207,1.2260006843716837,1.3651862184051424,1.8849759649019688,2.194046464370331,3.1020445587928407,4.267913835588843,7.78163780644536,4.11108985543251,4.191255569458008,11.373723030090332
0.0,0.0013679058756679296,0.07597151875961572,0.10685811913572252,0.16910095025377814,0.18362105850246735,0.1820151463325601,0.21623953789821826,0.3836803892045282,0.5343092589464504,0.6356512175698299,0.7302440732601099,0.7660834766284097,1.2758422701153904,1.1042760895215906,1.2076681010075845,1.9042676436947659,1.669054379221052,2.180070789210731,3.133123887499096,3.9623507350916043,5.462822714645881,5.772627949714661,8.933357298374176,21.058044016361237,15.29339599609375
0.0,0.0,0.015470566228032112,0.02346272807335481,0.050153697811765596,0.07631652313284576,0.09602311404887587,0.10189914342481643,0.09790066920686513,0.13911232264945284,0.11348981052287854,0.12378923842334189,0.12369710896746255,0.26254432229325175,0.2521430188207887,0.14996597656863742,0.1710629046719987,0.17640394647605717,0.40894133102847263,0.4887657025246881,0.394087856519036,0.3800081413646694,0.6102845072746277,1.3611488360911608,1.3839407861232758,1.4937012195587158
0.0,0.04231778491521254,0.17102951504057273,0.288570551230805,0.45482807175721973,0.6812419555790257,0.7830175132548902,0.884793771954719,1.2523056311765686,2.0125635336735286,2.286602635809686,2.4928030350711197,3.0075766489317175,3.3966733993729576,4.081924762693234,6.529476872092346,7.253855404036585,8.44769970269408,13.157210008590482,20.518446849600878,18.48306471883552,20.10884318605531,16.60512049193494,23.35609245300293,20.4759578704834,8.323295593261719
0.0,0.0,0.020494909258559346,0.061846514377975836,0.0834583030664362,0.08752319088671356,0.12195073458133265,0.1474561466020532,0.12145056269946508,0.11890086182393134,0.09747997933300212,0.12436967354733497,0.21132987109012902,0.3608376150368713,0.39328317990293726,0.3196436586440541,0.4472029115713667,0.5644711701897904,0.6939336901996285,1.1508865093928762,1.5038913302123547,1.2886059284210205,1.6839467287063599,1.1414082050323486,1.5438590049743652,1.9416753053665161
0.0014388082781806588,0.11414867363055237,0.39064330686233006,0.6821122161927633,1.003281184413936,1.1699380947102327,1.2357394103892148,1.6569470930553507,2.0802897132816724,2.2952421969384886,2.3465943999181036,2.204300116864033,3.6549637444259133,4.312814272620017,5.196540543722222,10.060069985687733,14.999004981218604,52.530973793240264,40.8126973498438,35.04126303619705,49.297857766679954,36.19081245502457,14.447099736891687,60.21736017125659,38.99009323120117,17.89239501953125
0.0,0.0,0.00583490778808482,0.015315913478843868,0.04389797558542341,0.06880415743216872,0.11715785879641771,0.12838921044021845,0.12944641237845644,0.15285996833699755,0.16153537761420012,0.20134570362279192,0.16414614854147658,0.2472866375464946,0.2552392084035091,0.24840533483074978,0.3975562053383328,0.5791557743796147,0.8041467521688901,0.9080635590507882,1.2309450239990838,1.8473519810358994,2.4433143784408458,4.47992071788758,3.212229765835218,6.345149040222168
0.0,0.0,0.012402762135025114,0.05611926718847826,0.1828465439612046,0.18956691003404558,0.19162123190471902,0.21425465488573536,0.23583866085391492,0.3213961554283742,0.47186293598497286,0.3650233802618459,0.4888219187851064,0.5763020920567214,0.8528755278384779,0.7714137033035513,0.976243895071093,2.2545269360998645,2.334100943116937,3.098764909664169,2.8306617696071044,3.3977508750976995,3.6635030718753114,3.8081638287985697,6.897408962249756,6.769355297088623
0.0,0.0016097226180136204,0.01952019435702823,0.05609210237162188,0.09548228810308501,0.11501783388666809,0.12457995023578405,0.1202378899033647,0.1579294444527477,0.15720588190015405,0.17371023236773908,0.13884529005736113,0.1326862845744472,0.1791602672310546,0.2317815880815033,0.23949186183745041,0.30154034681618214,0.43038973154034466,0.46756150395958684,0.570395958609879,0.47705002018483356,0.7046191887347959,0.6257136538624763,0.9145165035733953,1.8922871351242065,2.2599668502807617
0.0,0.0,0.002184089331422001,0.011522552464157343,0.023395324911689386,0.03557105892105028,0.05780168197816238,0.07105540356133133,0.08894329887698404,0.10599380260100588,0.11926756065804511,0.1433152528188657,0.1044360494997818,0.2556639653921593,0.2769342213869095,0.18342510535148904,0.18521587876603007,0.3775124540552497,0.4170416265260428,0.5582198797201272,0.5382443671114743,0.7971438092645258,1.022231168113649,1.1406147157540545,1.523198127746582,1.6120460033416748
0.0,0.0,0.02766134694684297,0.04035797616234049,0.08840685753966682,0.08361208884161897,0.0957196643576026,0.11960448091849685,0.13772154226899147,0.12950150936376303,0.11775976137141697,0.11957002876442857,0.12987380952108651,0.22698111293721013,0.19982604502001777,0.29533343846560456,0.29070039599901065,0.47438916796818376,0.4574967470834963,0.37415430101100355,0.5100404918193817,0.6906506065279245,1.3119836875703186,1.9172089621424675,2.9155144691467285,3.192115068435669
0.0,0.02449159207753837,0.09374497851240449,0.23356395124574192,0.33686023886548355,0.3742458257765975,0.46114894372294657,0.46991536571295,0.439001539722085,0.7312297065509483,0.6739311461569741,1.0611244985484518,1.6334633163060062,2.1923886854492594,3.0400275050196797,3.272245373460464,3.667096199671505,4.392809940618463,5.36162537347991,6.188142599654384,6.876820439239964,10.648540411377326,27.83708292245865,20.83204960092553,18.987080243066885,11.124743461608887
0.0,0.001379084074869752,0.06423893227474764,0.07577152497833595,0.10000768461031839,0.10725846828427166,0.11732992704492062,0.20024864067090675,0.25836615869775414,0.22256216692039743,0.2079559714475181,0.23354336418560706,0.3712683648336679,0.4420853705960326,0.49690878283581696,0.44784413697198033,0.704419274115935,0.6574486561003141,1.3194100222899579,1.0832488101441413,1.372617531917058,1.3010299422312528,2.3063454516232014,2.0623696675756946,1.7712091207504272,2.587017774581909
0.0,0.00043486375943757594,0.029994143988005817,0.06011058948934078,0.07829162804409862,0.08948209974914789,0.08789976610569283,0.09317149640992284,0.10474789794534445,0.11046854010783136,0.13469691900536418,0.16320609959075227,0.16084560775198042,0.22436882799956948,0.2908498835749924,0.26203393284231424,0.37696952233090997,0.5308328322134912,0.28818258363753557,0.39578716829419136,0.5807086220011115,0.7247974460478872,0.629849910736084,0.6949625015258789,1.2313933372497559,1.8978807926177979
0.0009579910547472537,0.03830155322793871,0.11311945982743055,0.1531247677630745,0.18797391108819284,0.2602617396332789,0.2913525545154698,0.28677145205438137,0.28092899202601984,0.33799269079463556,0.371305612672586,0.44856895005796105,0.6214730360370595,0.9337190169026144,0.9336058141780086,1.6416825673077255,1.240935689478647,1.5365522946813144,1.8705823076015804,1.636782847926952,2.2167341941967607,2.6784979448420927,3.6094170650467277,3.9466297551989555,4.682172775268555,4.682446002960205
0.0,0.0,0.009612077032215893,0.032188709679758176,0.05677517951698974,0.06924886617343873,0.06461269423016347,0.06772293345420621,0.07985893386648968,0.09989713531103916,0.09252585971262306,0.08787054123240523,0.15648353219148703,0.2183189467759803,0.20146158622810617,0.17230285159894265,0.2628665702359285,0.3684001194196753,0.7982454315933865,0.6778679094859399,0.7297020172700286,1.6052641029236838,1.1551037513418123,0.9674259208841249,1.396867036819458,2.783949851989746
0.0,0.004997630720026791,0.11390322243096307,0.1415072699310258,0.20406438532518223,0.23019502178067341,0.2281530028267298,0.25446370721329004,0.3066504113958217,0.4395901494426653,0.5952145258197561,0.6228678998886608,0.5782857066369615,1.0934963238833006,1.088613059837371,1.1672190853278153,1.382291526766494,1.183185977570247,1.5902531626052223,2.3276813151314855,2.5658326104748994,2.3538163437042385,2.1652324864408,3.7765769958496094,3.5240163803100586,14.52497386932373
0.0,0.008335572900250554,0.07630696822889149,0.11135591025231406,0.19570381607627496,0.22003367258002982,0.2546824826276861,0.4607144894252997,0.4898948793997988,0.5108946459076833,0.6367570959555451,0.6617033241782337,0.7385897128260694,1.162811075540958,1.2703271136851981,1.2703827863442712,1.4831409517501015,2.192636863619555,1.676884829881601,1.6003597592643928,1.807767702266574,2.2979925721883774,4.552337288856506,5.49159038066864,8.68527352809906,16.002483367919922
0.0,0.005318077746778727,0.07488832832314074,0.1074757698806934,0.17205405293498188,0.16140218981308863,0.2310339071555063,0.2491325904848054,0.2489701362210326,0.32944392220815644,0.4437526980473194,0.5586933546874207,0.6937448585231323,0.8774541496823076,1.1151488268515095,1.975897574564442,1.4455354805104434,1.6242158997629303,2.44595925451722,1.5549957814801019,2.116148094239179,4.076598464453127,3.481587201473303,6.360850889235735,7.826059148646891,6.990288734436035
0.0,0.0,0.0032546777511015534,0.02745219907956198,0.07254839997040108,0.11108853193582036,0.11463806661777198,0.1500846636481583,0.15412016090704128,0.14192250109044835,0.1847077399434056,0.13336979126324877,0.19229703972814605,0.3273217600071803,0.39607748482376337,0.6613477292412426,0.9878528094850481,0.7585342292150017,1.1815152505296282,1.036843353882432,1.5903711570426822,1.794839534908533,1.8349402230232954,1.0255922079086304,2.1313328742980957,2.8172411918640137
0.0,0.0004649451293516904,0.047600368852727115,0.06894471345003694,0.10506618313957006,0.11055891518481076,0.1304056583030615,0.13690716473502107,0.1463986355229281,0.16095845075324178,0.16322450642473996,0.16596000603749417,0.3088776183431037,0.37561756451032124,0.4872116264887154,0.44276457850355655,0.8004081510007381,0.8529579398455098,0.8492709109559655,1.5682029738090932,1.5028189159929752,1.0562666654586792,1.1986933946609497,1.1411343812942505,1.008341670036316,1.8560776710510254
0.0,0.00568097602808848,0.0728980625863187,0.09029095451114699,0.13308939838316292,0.1700132628029678,0.19830649247160181,0.17902273233630694,0.16451853697071783,0.16209097820683382,0.18818992807064205,0.22911274567013606,0.28712985781021416,0.3689589265268296,0.32724760385463014,0.5603990115632769,0.7769412070629187,0.8790676415082999,1.5022281726705842,1.9535999866493512,2.7540577041218057,2.789044715493219,3.1581140672788024,2.6836320771835744,5.5505300760269165,18.26433753967285
0.0,0.0,0.009670245461165905,0.036792952741961926,0.04688042469206266,0.07224207563558593,0.08703078812686726,0.08718625523033552,0.08035992633085698,0.10099785507190973,0.12899459531763569,0.1560224323766306,0.13775108056142926,0.19245413158205338,0.17766999144805595,0.2881385632790625,0.4720108835026622,0.3868551642517559,0.3401279604877345,0.38307375693693757,0.5777458724332973,0.8088044405449182,1.6284021586179733,1.6690101027488708,3.226311683654785,3.2173469066619873
0.0,0.003929814789444208,0.07105100940680131,0.13341625515022315,0.1876604740973562,0.23945069045294076,0.22427736065583304,0.21689295151736587,0.20844790380215272,0.28938892055884935,0.513745829986874,0.6631219334667549,0.7532707467325963,0.8415748309344053,0.7368554199347273,1.2858346323191654,1.6338665392249823,1.5303913550451398,2.0931492833187804,2.2936446653911844,2.677343189716339,2.280118450522423,3.15893292427063,2.470104694366455,3.5736511051654816,4.418021202087402
0.0,0.013161785318516195,0.155843457498122,0.2208494870137656,0.33172643766738474,0.35945649654604495,0.38585959951160476,0.45686863432638347,0.9806856922805309,1.2590438161278144,1.802097794105066,2.0023129011678975,2.784709024359472,3.573272779060062,4.066925036488101,5.0463584180688486,7.026078394119395,7.28716333094053,11.31714849625132,15.219644593598787,12.026693386491388,6.500703993078787,9.328774960478768,5.471018248703331,4.018163252621889,5.021429538726807