0.0,0.038401249097660184,0.09044842887669802,0.03695626836270094,0.35393545031547546
0.0,0.04822209454141557,0.057150152046233416,0.12325767963193357,0.2597731649875641
0.0,0.03705815318971872,0.1479072542861104,0.1604765901574865,0.19426627457141876
0.0,0.05918524321168661,0.14566245448077098,0.2380115028936416,0.2882921099662781
0.016493267379701138,0.05469707655720413,0.19140926067484543,0.3422448141500354,0.7069329619407654
0.0,0.06763027148554102,0.14875804912298918,0.2186676033306867,0.22752046585083008
0.0,0.020591000211425126,0.14884253568015993,0.06272821204038337,0.14341077208518982
0.0,0.011780374217778444,0.18582111422438174,0.28156149154528975,0.49812233448028564
0.0,0.0665093360003084,0.1449472225503996,0.08299715118482709,0.3205907642841339
0.0,0.03639780211960897,0.01957414927892387,0.04210579162463546,0.09036851674318314
0.0,0.010848195757716894,0.04161904053762555,0.04464394459500909,0.1205705925822258
0.0,0.024798458442091942,0.1349431033595465,0.10044136119540781,0.2584020793437958
0.0005424359114840627,0.07105883728945628,0.31417605956085026,0.4254702031612396,1.1246991157531738
0.0,0.0895792543888092,0.1825253628194332,0.26323230867274106,0.6271976232528687
0.0,0.13622000586474314,0.29251420975197107,0.6719381412258372,1.9738311767578125
0.0007370601524598897,0.04677899868693203,0.2041857167496346,0.18018278595991433,0.3991445004940033
0.0,0.03353621973656118,0.1459114029421471,0.15635279566049576,0.44775500893592834
0.0,0.00046665649279020727,0.05057700606994331,0.0770312575623393,0.16357959806919098
0.0,0.00554890395142138,0.0887459923978895,0.13785096164792776,0.11654884368181229
0.0,0.033174169540870935,0.11561280756723136,0.23209446715191007,0.2059098184108734
0.006776177790015936,0.1474527067039162,0.2779676634236239,0.6727403434924781,1.6104867458343506
0.010154037736356258,0.03770325402729213,0.11061925947433338,0.18743004160933197,0.18902617692947388
0.0,0.04788474342785776,0.1021776373963803,0.10991420468781143,0.3020012080669403
0.0017438513459637761,0.06649453911813907,0.1952691051410511,0.21195925772190094,0.4563048779964447
0.0,0.040445971535518765,0.11332848705933429,0.09604720456991345,0.18992732465267181
0.009514250792562962,0.06292240181937814,0.2783844288205728,0.5968402355210856,1.1236001253128052
0.0,0.019437142473179847,0.06902980292215943,0.19508625782327726,0.5955022573471069
0.0,0.006280567031353712,0.16832276433706284,0.2507996456697583,0.3196219801902771
0.0007791706593707204,0.044821642339229584,0.09959944599540904,0.1416995096951723,0.23010490834712982
0.0,0.0040263617993332446,0.11195705644786358,0.15080588683485985,0.10494934767484665