0.0,0.0,0.0,0.0,0.0,0.0,0.0,0.0,0.0,0.0,0.0,0.0,0.004941912367939949,0.0,0.0,0.0,0.0,0.00042944648885168135,0.0,0.0,0.0,0.0,0.0,0.0,0.0,0.0
0.0,0.0,0.0,0.0,0.0,0.0,0.0018346348078921437,0.0035558806266635656,0.0022006218787282705,0.0006850006757304072,0.0016524039674550295,0.0033194157294929028,0.002085362561047077,0.0,0.0,0.0,0.0,0.0,0.001157465623691678,0.0006005213945172727,0.0007457517203874886,0.007091172272339463,0.0031874016858637333,0.0020599288400262594,0.0027042010333389044,0.01302642934024334
0.0,0.0,0.0,0.0,0.0,0.0,0.0,0.0,0.0020537718664854765,0.0021307000424712896,0.0009803437860682607,0.0013733627274632454,0.0,0.0,0.0,0.0,0.0,0.0,0.0020412623416632414,0.00040974709554575384,0.0,0.0010600107489153743,0.0,0.0013978418428450823,0.019898906350135803,0.0
0.0,0.0,0.0,0.0011283057974651456,0.0023428048007190228,0.003602030221372843,0.0014270537067204714,0.001437799190171063,0.0010322711896151304,0.000461208401247859,0.00446967245079577,0.0011737578315660357,0.007421096437610686,0.011528120026923716,0.0046895514242351055,0.0,0.0,0.0,0.005634774453938007,0.00997828133404255,0.0012379951076582074,0.0039020634721964598,0.0012021077563986182,0.0006872878293506801,0.0006331565673463047,0.007699104025959969
0.0,0.0,0.0,0.0,0.0,0.0,0.0,0.0,0.0003735180071089417,0.00451791612431407,0.006016806699335575,0.003051529754884541,0.004119793185964227,0.0013872709823772311,0.0005161721492186189,0.0,0.0,0.0,0.0,0.001487242290750146,0.0023086266592144966,0.002388027962297201,0.009831219911575317,0.003143002511933446,0.0044592744670808315,0.0
0.0,0.0,0.0,0.0,0.0,0.0,0.0,0.0,0.0,0.0,0.0006101111648604274,0.0006260029040277004,0.0037637236528098583,0.0032518887892365456,0.0024525367189198732,0.005176891572773457,0.0,0.0004498037160374224,0.0,0.0010396948782727122,0.0,0.0,0.0005447199218906462,0.002374597592279315,0.0,0.0
0.0,0.0,0.0,0.0,0.0,0.0,0.0,0.0,0.0,0.0,0.0,0.0,0.001388348639011383,0.001865473692305386,0.004148534033447504,0.009214820340275764,0.004968639463186264,0.003765430534258485,0.002585967304185033,0.0006258058128878474,0.0,0.0,0.0006338549428619444,0.0,0.0,0.0
0.0,0.0,0.0035657640546560287,0.004518560599535704,0.0014875503256917,0.005131062585860491,0.0034277138765901327,0.007219336461275816,0.003898462513461709,0.0017952275229617953,0.0015083617763593793,0.0020252875983715057,0.0021797828376293182,0.0007735532708466053,0.0019519813358783722,0.0,0.0012694118777289987,0.0011665471829473972,0.0010749876964837313,0.0019836449064314365,0.0,0.0014368041884154081,0.0012583974748849869,0.007503201253712177,0.0004934125463478267,0.008105742745101452
0.0,0.0,0.0,0.0,0.0,0.0,0.0,0.0,0.0,0.0,0.0,0.00032610760536044836,0.0019917951431125402,0.0012004817835986614,0.0,0.0,0.0,0.0,0.00025784462923184037,0.0041682906448841095,0.0016352226957678795,0.0,0.000542680558282882,0.0,0.0011080014519393444,0.00046543238568119705
0.0,0.0,0.0,0.0,0.0,0.0,0.0,0.0,0.0,0.0,0.0,0.0,0.0,0.0,0.0,0.0,0.0,0.0,0.002471794548910111,0.0017479985835961998,0.0023403980885632336,0.0022470359690487385,0.0005002677207812667,0.0059515368193387985,0.005252194125205278,0.0
0.0,0.0,0.0,0.0,0.0,0.0,0.0,0.0,0.0,0.0,0.0,0.00046021374873816967,0.0009131715632975101,0.0010797501308843493,0.0007533536409027874,0.0003987424133811146,0.0,0.0,0.0003915953857358545,0.001627342076972127,0.001165381632745266,0.0005785912508144975,0.0,0.00045706500532105565,0.007692635525017977,0.006109087262302637
0.0,0.0,0.0,0.0,0.0013263740111142397,0.0008181452285498381,0.000554017024114728,0.0006645680405199528,0.002752823056653142,0.002029496245086193,0.0011934095527976751,0.000573934696149081,0.0007643972057849169,0.0032044658437371254,0.007202114909887314,0.005822488106787205,0.0016102386871352792,0.0024866596795618534,0.0025156743358820677,0.0010692267678678036,0.006079519167542458,0.0031145834363996983,0.0006101821199990809,0.0030269178096204996,0.005514827556908131,0.01013101264834404
0.0,0.0,0.0,0.0,0.0,0.0,0.0,0.0,0.0003748219460248947,0.0018445774912834167,0.0007948821294121444,0.0013622416881844401,0.0,0.0,0.0,0.0,0.0006759141106158495,0.0,0.0013050646521151066,0.0028832044918090105,0.0006633395096287131,0.002414554823189974,0.0006016563856974244,0.0009781246772035956,0.0,0.001623188378289342
0.0,0.0,0.0,0.0,0.0,0.0004356613790150732,0.00315453065559268,0.006697916425764561,0.006504466757178307,0.006947539281100035,0.005055125802755356,0.003449379000812769,0.0006228212732821703,0.0005612808745354414,0.00040404676110483706,0.0,0.0,0.0,0.0,0.0,0.0,0.0,0.0,0.0,0.0,0.000523787981364876
0.0,0.0,0.0,0.0,0.0,0.0,0.0,0.0,0.0,0.0,0.0,0.0,0.0,0.0,0.0,0.0,0.0,0.0,0.0037685551214963198,0.0011760331690311432,0.0003786449087783694,0.0,0.009679886512458324,0.012891370803117752,0.0,0.0
0.0,0.0,0.0,0.0,0.0,0.0,0.0,0.0,0.0,0.0,0.0,0.0,0.000448159989900887,0.0008493689820170403,0.0005105371819809079,0.0002731938729993999,0.0021459166891872883,0.0011772046564146876,0.0,0.0,0.0,0.0012355615617707372,0.0,0.0,0.0,0.0
0.0,0.0,0.0,0.0,0.0,0.0,0.0,0.0,0.0,0.0,0.0,0.0,0.0,0.0015901753213256598,0.003101995273027569,0.001089431345462799,0.00596294179558754,0.0016617428918834776,0.0,0.0031569211278110743,0.0008766448008827865,0.0010602837428450584,0.0,0.0052288793958723545,0.0,0.0
0.0,0.0,0.0,0.0,0.0,0.0,0.0,0.0,0.0,0.0,0.0,0.0,0.0,0.002049520146101713,0.0020580259151756763,0.0017649041255936027,0.0,0.0,0.0019915952580049634,0.002587017952464521,0.0,0.0,0.0,0.0,0.0018884908640757203,0.0
0.0,0.0,0.0,0.0,0.0008367297705262899,0.0014639843720942736,0.0038226714823395014,0.010910574346780777,0.013342137448489666,0.01224939152598381,0.005174485617317259,0.0011181310983374715,0.006001812405884266,0.013347391097340733,0.006528485333546996,0.0004177295486442745,0.0,0.004383540246635675,0.02216596156358719,0.01932607963681221,0.01738152839243412,0.010573228821158409,0.01614970713853836,0.015074661932885647,0.011510331183671951,0.012327062897384167
0.0,0.0,0.0,0.0,0.0,0.0,0.0,0.0,0.0,0.0,0.0,0.0,0.0,0.005060776602476835,0.005657064262777567,0.0013481511268764734,0.0,0.0,0.0013656745431944728,0.0026206206530332565,0.0,0.0,0.0,0.0,0.0,0.0
0.0,0.0,0.0,0.0,0.0,0.0,0.0,0.0,0.0,0.0,0.0,0.0,0.00037423433968797326,0.0010024607181549072,0.001153638819232583,0.0004890881245955825,0.00135078898165375,0.0,0.0008280238253064454,0.0004622864944394678,0.007743809837847948,0.0019073935691267252,0.0,0.0,0.0006537830922752619,0.0
0.0,0.0,0.0,0.0,0.0,0.0015601798659190536,0.0016096351901069283,0.005045265890657902,0.002883943496271968,0.00286590913310647,0.002511406084522605,0.002647132147103548,0.0,0.0009765916038304567,0.006094007752835751,0.00979163870215416,0.0,0.0,0.0,0.0,0.0,0.003538047196343541,0.0010599010856822133,0.002852443605661392,0.006315124686807394,0.0
0.0,0.0,0.0,0.0,0.0,0.0,0.0,0.0,0.0,0.0,0.0,0.0,0.003275263588875532,0.0005783131928183138,0.0,0.0,0.0003896616108249873,0.0008732074056752026,0.003077961038798094,0.0,0.0,0.0005207001231610775,0.008725968189537525,0.0018351873150095344,0.0005108805489726365,0.0012953816913068295
0.0,0.0,0.0,0.0,0.0,0.0,0.0,0.0,0.0019949760753661394,0.0029133635107427835,0.0005223099142313004,0.0006478005670942366,0.0006002099835313857,0.0014072820777073503,0.0,0.0,0.0,0.0,0.0,0.0013115064939484,0.0,0.0,0.0,0.0007514349999837577,0.00035586999729275703,0.0
0.0,0.0,0.0,0.0,0.0,0.0,0.0,0.0016092283185571432,0.008200936223147437,0.014951091492548585,0.013328023225767538,0.01054182171355933,0.012405218672938645,0.006639918254222721,0.006361641106195748,0.011066833045333624,0.014529125764966011,0.015234459773637354,0.039267754182219505,0.03401948930695653,0.021156245842576027,0.012477041222155094,0.024651696905493736,0.04764699190855026,0.07987823337316513,0.026622341945767403
0.0,0.0,0.0,0.0,0.0,0.0,0.0,0.0,0.0,0.0,0.0,0.0,0.0,0.0,0.0,0.0,0.0,0.0,0.0,0.0,0.0,0.0,0.0,0.0,0.0,0.05556398257613182
0.0,0.0,0.0,0.0,0.0,0.0,0.0,0.0,0.0,0.0,0.0,0.0,0.0,0.0,0.0,0.0,0.0,0.0,0.0005150972865521908,0.0005262217600829899,0.0004541698144748807,0.0005960839334875345,0.0,0.0,0.0019985446706414223,0.0006090559181757271
0.0,0.0,0.0,0.0,0.0,0.0,0.0,0.0,0.0,0.0,0.0,0.0009943185141310096,0.0005700817564502358,0.001990774180740118,0.0013554577017202973,0.0012949093943461776,0.0014907472068443894,0.0040938882157206535,0.0013775457628071308,0.0,0.0,0.0,0.0,0.0,0.003924728836864233,0.0011734507279470563
0.0,0.0,0.0,0.0,0.0,0.0007620107498951256,0.0016956538893282413,0.004936989396810532,0.0022166341077536345,0.008881195448338985,0.01212924043647945,0.009351328480988741,0.005251872353255749,0.0025152640300802886,0.0029849456332158297,0.004420929733896628,0.001370897050946951,0.0012620413908734918,0.0024401792616117746,0.004103603132534772,0.020611850544810295,0.03981427848339081,0.004771641921252012,0.020619433373212814,0.008679697290062904,0.012994825839996338
0.0,0.0,0.0,0.0,0.0,0.0,0.0,0.0,0.0,0.0,0.0,0.00028260337421670556,0.000352712842868641,0.0009508306393399835,0.0,0.0,0.0,0.0,0.0,0.0,0.0,0.0,0.0017750764964148402,0.0,0.0,0.0