0.0,0.0,0.003850212902761996,0.03539016027934849,0.08785357582382858,0.10079322694218718,0.10789318033494055,0.13539253038470633,0.11669225880177692,0.10995245561935008,0.11077527957968414,0.18589438998606056,0.1952660398092121,0.3398723496356979,0.4618660063133575,0.5442992696189322,0.6458251261210535,0.712300396815408,0.8504515409003943,1.4097316064871848,2.8036091327667236,2.9957170486450195
0.0,0.011210836673853919,0.11181930988095701,0.1743680863874033,0.1782261446933262,0.2171356580220163,0.1997716878540814,0.25854376374627464,0.31338763068197295,0.4378712729376275,0.5388380019576289,0.7517893647018354,0.7842368292040192,0.8590138761792332,1.2487662847852334,2.362529437523335,3.1073773582465947,2.848629156287643,3.9082708704518154,3.635101854975801,4.619545936584473,5.297567367553711
0.0,0.0172529992996715,0.10838660510489717,0.20313231862382963,0.2949375684838742,0.32242233445867896,0.3461185121559538,0.34087378217373043,0.38055923132924363,0.5094058984250296,0.6213445104658604,0.7251160496671218,0.69147885745042,1.4204187570721842,1.993565202341415,1.6812138098175637,2.666006076906342,3.277058465522714,5.2142659719102085,7.10253689304227,7.422891736030579,13.556139945983887
0.0,0.006117033422924578,0.07860302201879676,0.14374627184588462,0.2769740083022043,0.2865987776312977,0.27996792664634995,0.4036804847419262,0.5192664969654288,0.44903542642714456,0.45245303626870736,0.4208086166763678,0.6231191542174201,0.7372654190985486,0.6914150171214715,1.0173770961700939,1.2854537231905852,2.5512896716827527,2.574666155385785,3.33825865725521,3.6632044315338135,4.533318519592285
0.0,0.001183396321721375,0.05321252503199503,0.0803179039794486,0.16572902584448457,0.1991373672208283,0.24715249365544878,0.34623943630140275,0.3939991975494195,0.4806264906655997,0.6940617703658063,0.8269689018488862,0.838165677676443,0.7812001538113691,0.8510572023806162,1.3196120594802778,2.2014212310896255,2.0496870131464675,3.2523302474291995,8.37807109329151,15.185592651367188,21.22492027282715
0.0,0.002870859345421195,0.1449638259364292,0.2772364482516423,0.3754229452461004,0.3277458959782962,0.3468874447280541,0.6270101137924939,0.7851006933487952,0.711529438267462,1.080025839037262,1.3640202055685222,1.5844765035435557,1.7902331043733284,1.9142593313881662,2.419277375913225,2.801480770111084,2.6582220552954823,3.4002676010131836,4.483434677124023,5.633179664611816,5.87943172454834
0.0,0.004456034861505032,0.06091343314619735,0.10475312636117451,0.18811606438248418,0.2457924742193427,0.23244112503016368,0.27841112346504815,0.3585252345073968,0.3925150994909927,0.4213266685255803,0.5429762059065979,0.7642208211473189,0.9307889592600986,1.2486554102506489,1.3651505101006478,1.8965683337301016,1.8795161470770836,2.726598024368286,3.0688769817352295,2.727686643600464,3.8065805435180664
0.0,0.028185458533698693,0.2747911042824853,0.38726059906184673,0.4800974570098333,0.5354093534406275,0.7369006294175051,1.1590132678102236,1.0713713415898383,1.3094456309918314,1.3611560738645494,1.5741349261661526,1.78252866351977,2.196087251533754,3.010355624370277,2.1903961338102818,2.6076177848735824,3.3176552522927523,3.696588691789657,5.23384360212367,7.426027774810791,7.749106407165527
0.0,0.011209459451492876,0.12720415627700277,0.211781947145937,0.3469812144176103,0.3915278618223965,0.4108428003382869,0.4516799691191409,0.5277830144041218,0.6601226729108021,0.9748040529084392,1.283688630675897,1.4602245242567733,2.2111704361159354,2.489546594035346,3.483038399601355,5.3722709265421145,7.59737631760072,7.777480185963213,9.744033813476562,11.1382417678833,15.634629249572754
0.0,0.012408986338414252,0.10018283271347173,0.1309360140003264,0.16323218360776082,0.1981043282430619,0.20762057008687407,0.3497353273560293,0.38141646012081765,0.3855433782446198,0.5710202993941493,0.7146182180149481,0.6661469939281233,1.142462233256083,1.5162374203791842,2.5100100226700306,3.0803460478782654,2.542461975477636,4.061920642852783,4.4638800621032715,5.14687393209897,6.33817720413208
0.0,0.019746332400245592,0.16559386404696852,0.2693460635491647,0.3352338907425292,0.4087112243869342,0.4105050900252536,0.6407387589570135,0.8798413093318231,1.0149975308740977,1.2437793073768262,1.6326619149767794,2.087904535292182,3.652689677575836,4.645382792310556,4.926886799104977,4.396043148357421,4.632104720105417,7.904387873481028,14.36140481615439,16.767681121826172,20.78470230102539
0.0,0.06996163493022323,0.09784569928888232,0.1353786393883638,0.269357961602509,0.5285524347564206,0.4934496692731045,0.777354029007256,1.047305037965998,0.9270664787327405,0.9703736419032793,1.4043318041076418,2.0128297162009403,2.877096449781675,3.3720111497677863,3.331670473504346,4.893441266496666,3.6943468102253973,5.959264536388218,11.715120313223451,10.706052780151367,10.614900588989258
0.0,0.0054354102176148444,0.05250662815524265,0.05279851739760488,0.08339890866773203,0.13497261505108327,0.13099898293148726,0.13246967701707035,0.17022434822865762,0.22092398931272328,0.292777372058481,0.23257755118538626,0.3432106148393359,0.7052960474975407,0.9123891278868541,0.7787924643489532,0.8114941748790443,1.036215576576069,2.8563380241394043,2.8386051654815674,3.4314799308776855,4.396199703216553
0.0,0.002688134554773569,0.04437775563565083,0.10266126130591147,0.18616119382204488,0.22117746208095923,0.21207165834493935,0.26030441117472947,0.24751544438186102,0.2742854657699354,0.25506257874076255,0.38645373430335894,0.5251712478930131,0.923241969809169,1.330688649773947,1.116082928609103,1.7782399007701315,2.6786017110571265,2.617738651810214,4.269697239156812,5.321603298187256,5.571499824523926
0.0,0.01975704450160265,0.19145977089647204,0.23413699038792402,0.3123627923778258,0.3069261580822058,0.37376564610167406,0.5507560416590422,0.6954721765359864,1.0605459246435203,0.978697404556442,1.3167836769134738,1.3871724279597402,1.657812898978591,1.8088320386887062,2.53479446239362,3.3695851506199688,5.267519495362649,5.058082580566406,4.746403217315674,11.006903648376465,9.141613960266113
0.0,0.009077459573745728,0.03750756740919314,0.06346393265994266,0.14057209301972762,0.18775384919717908,0.22262834763387218,0.3140005578752607,0.3332102672138717,0.36155283969128504,0.36356193633400835,0.4307063618907705,1.2183245586929843,1.5578042942215689,1.6837753062718548,1.9062135121785104,2.7377879910636693,3.1784550957381725,5.574097779579461,5.209118366241455,6.530863843741827,8.878240585327148
0.0,0.036143069388344884,0.24687809642637148,0.4046980564016849,0.5220921994769014,0.6981114770460408,0.8047426317934878,1.1298614020342939,1.2662704217946157,1.584330260870047,1.7425276883295737,1.8228894083295017,3.9027654051897116,4.397555913485121,4.898417782096658,7.606460489681922,11.319563787488732,20.978282999130897,33.47072615940124,44.15816192654893,55.771278381347656,53.4003791809082
0.0,0.023948703426867723,0.12120352248894051,0.1291964465926867,0.21584116853773594,0.24463975624530576,0.29160147916991264,0.37762825383106247,0.556459216051735,0.6287274489877746,0.753368678066181,0.828024760237895,1.2457482138997875,1.660124535934301,2.1154588703939226,2.117417144589126,1.9477061720681377,1.9434253814688418,3.969960284535773,5.163266388350166,14.632780410698615,18.099925994873047
0.0,0.003457080340012908,0.063257088244427,0.07802448887377977,0.12694052027654834,0.13004123780410737,0.1948508638306521,0.2394307181239128,0.3116706613218412,0.6717830314300954,0.4913904353743419,0.4869207055307925,0.7020588988089003,1.234581696218811,1.0666090712184086,0.6295704122458119,0.8873574617318809,1.4077980868751183,1.4574745871359482,1.9221313977614045,4.004083185631316,2.824445962905884
0.0,0.022525988810230047,0.27387686306610703,0.3091087617794983,0.498953755304683,0.6027756552794017,0.7232976037485059,0.8462581847852562,1.0121016721532214,1.2212967227969784,1.4173774462833535,1.5738937489222735,1.7866710423841141,2.9718307222938165,3.7231001283216756,4.659351599111687,5.998773601080757,8.770483803120442,10.99424054386327,7.84884766920004,24.805380652513122,43.155548095703125
0.0,0.0,0.058100928843487054,0.10319945646915585,0.12794407200999558,0.11348955315770581,0.11625649832421914,0.10311311489203945,0.13758477428928018,0.1566652633191552,0.18970746552804485,0.25349785503931344,0.40701129837543704,0.54591501437244,0.46113170686294325,0.8649507708323654,0.9037080882699229,1.4005528075504117,1.5137015950167552,2.281848137266934,3.0713155269622803,3.677381753921509
0.0,0.009008519351482391,0.09288320119958371,0.12837548105744645,0.2025655540637672,0.21387086634058505,0.276029435073724,0.2615293429553276,0.374986038019415,0.5170049898733851,0.7896781142335385,0.8199152610031888,0.9281051009893417,1.1259377307724208,1.2895096744177863,1.2695887461304665,1.282437794841826,1.8895587918814272,2.3070857073180377,2.6132335662841797,3.3050320148468018,4.020994663238525
0.0,0.009465489478316158,0.3883914408215787,0.5700957526569255,0.6330293743521906,0.7990637293551117,0.8778748608601745,1.2170966664562002,1.3482691945973784,2.176626073254738,2.725396722264122,2.752127922780346,2.4439575907890685,3.8676313447358552,4.544545010168804,6.730942409369163,11.953008988930378,23.984721538843587,51.89612244348973,53.28046785242623,34.248781132511795,37.45884704589844
0.0,0.013362458266783506,0.047430286242160946,0.05750413134228438,0.09828080909210257,0.11725882784230635,0.13213498020195402,0.12486363222706132,0.12409788338118233,0.1695542304078117,0.2546303365379572,0.2926628394634463,0.2740424329240341,0.6924197305343114,0.7575540854304563,0.920975697634276,0.9349198444979265,1.2395015333895572,1.2785119718755595,2.3526089191436768,8.182875633239746,34.26985549926758
0.0,0.01607868622522801,0.22229983870056458,0.2658064338611439,0.26515089490567334,0.3358462134201545,0.4177789226232562,0.5657632198999636,1.0914167305454612,1.050178944336949,1.533677005500067,1.5374206702108495,1.8226236277841963,2.218768945313059,2.451908673363505,2.7493214755377267,2.9421265408745967,4.848020893754438,6.09801814169623,8.014291763305664,9.080635070800781,11.011460304260254
0.0,0.0,0.008275788277387619,0.01642630124115385,0.025464706297498196,0.03367096837610006,0.05036055640084669,0.06313009723089635,0.08316239842679352,0.08726916264276952,0.10327903094002977,0.1465991088480223,0.12081226927693933,0.33763380197342485,0.2686902362620458,0.26196842355420813,0.4082357407314703,0.44893760950071737,0.5544898301595822,0.9609237207623664,1.769219994544983,1.522108554840088
0.0,0.0,0.01724280067719519,0.05545344122219831,0.09412899304879829,0.12417634174926206,0.13257635716581717,0.18425811443012208,0.2097815377637744,0.2188257786910981,0.27954538323683664,0.3330517481081188,0.3838612399995327,0.7829554003546946,1.3336557545117103,1.2004988346016034,1.204894457012415,1.3535890937200747,2.1880388259887695,2.3320820331573486,1.9938161373138428,2.440016269683838
0.0,0.014774975134059787,0.07688938407227397,0.09697458447772078,0.10658796416828409,0.14676061377394944,0.15002830239245668,0.15016805863706395,0.11667752207722515,0.1636514899728354,0.31820716557558626,0.4796938458457589,0.43247152864933014,0.28901198861422017,0.3273959598445799,0.3905092694913037,0.6336189173161983,0.7038782592862844,0.7410711646080017,0.6233089566230774,1.3522214889526367,2.584441661834717
0.0,0.00877580069936812,0.14138402725802734,0.27288386650616303,0.33210746000986546,0.38908395933685824,0.4126985903712921,0.9247876828303561,0.8612274050537962,1.609279636933934,2.638810869655572,2.540803202049574,3.4719416770967655,4.744693525659386,5.033197966462467,4.545991993392818,5.103926280280575,5.523107933811843,9.895676530897617,9.31967544555664,11.549482345581055,12.19802474975586
0.0,0.003696315223351121,0.04195147499558516,0.04994145064847544,0.0970982262515463,0.1392101519741118,0.11988999298773706,0.16297730093356222,0.14880552477552556,0.12208042369456962,0.17342197813559324,0.19463429620373063,0.24513082089833915,0.541514205688145,0.4913638754223939,0.5837579549697693,0.7976013669976965,1.1522560527082533,0.87512167240493,1.4623202498769388,1.6117024552077055,4.125546455383301