0.0,0.0,0.022520408034324646,0.04844063613563776,0.09758436170523055,0.06606236647348851,0.05317268893122673,0.057995369541458786,0.05399780039442703,0.0781654705060646,0.14724713878240436,0.162145676324144,0.20867195911705494,0.1796474028378725,0.21133241360075772,0.21466533839702606,0.2530178725719452,0.21376155316829681
0.0,0.0,0.005555239564273506,0.026519215025473386,0.05100691877305508,0.06399524290463887,0.08465252863243222,0.08152060280553997,0.07128182332962751,0.07850254909135401,0.07610960694728419,0.08765966130886227,0.1429733579279855,0.121314350690227,0.16925895074382424,0.20487882802262902,0.11253415566170588,0.17559263110160828
0.0,0.0009172745048999786,0.027738402015529573,0.04685641219839454,0.07211333513259888,0.07058431883342564,0.06605643377406523,0.05184292863123119,0.061372034600935876,0.06510131160030141,0.07893148338189349,0.09778419652138837,0.1037693606922403,0.2268230968620628,0.3198856628732756,0.39537218009354547,1.2202166893985122,0.6525473594665527
0.0,0.0,0.0005979277775622904,0.0009887267369776964,0.0027251322753727436,0.005016522132791579,0.009838119964115322,0.012009103258606046,0.014314738567918539,0.03200324345380068,0.04543991992250085,0.036182510608341545,0.02598938491428271,0.019264154601842165,0.029574753483757377,0.07065115729346871,0.12352703511714935,0.11985321342945099
0.0,0.0,0.006476546172052622,0.02129068164504133,0.016675801016390324,0.028639981523156166,0.025611787103116512,0.028581567690707743,0.015555960009805858,0.012889732839539647,0.021796550834551454,0.04541151458397508,0.08806349197402596,0.0628204420208931,0.04269571229815483,0.0674675703048706,0.04997536540031433,0.04728131741285324
0.0,0.0,0.006641367799602449,0.02511939953546971,0.04565746523439884,0.02728282133466564,0.02358983753947541,0.019932602299377322,0.007989111123606563,0.0051574293756857514,0.021849144832231104,0.014512074878439307,0.0257807862944901,0.04441693052649498,0.05437691032420844,0.04457586049102247,0.08546712249517441,0.12835361063480377
0.0,0.0,0.0349608906544745,0.0730640150140971,0.048394960176665336,0.055044727108906955,0.06215535383671522,0.09803720086347312,0.1512403693050146,0.13153350609354675,0.08350393641740084,0.11307803797535598,0.2894293481949717,0.202032670378685,0.21972617506980896,0.22895748913288116,0.2162017524242401,0.25773268938064575
0.0,0.0,0.0,0.0,0.007378614507615566,0.01024235226213932,0.013116370886564255,0.009268582100048661,0.006438718643039465,0.012571395840495825,0.01491950685158372,0.012328769953455776,0.029684999957680702,0.0717587856343016,0.06779375323094428,0.09255603689234704,0.08201070874929428,0.12412013858556747
0.0,0.0004909316194243729,0.01972405018750578,0.04380529699847102,0.0791436682920903,0.07846995687577873,0.10683122067712247,0.12708598817698658,0.08796002285089344,0.14717552484944463,0.13024744717404246,0.1263484099181369,0.35313853024854325,0.28972000925568864,0.3121352444286458,0.43915143609046936,0.43047812581062317,0.5856775641441345
0.0,0.0,0.005517559126019478,0.011656161397695541,0.018098650500178337,0.018168648704886436,0.01420055702328682,0.011369734071195126,0.015531919430941343,0.007366582634858787,0.010529203340411186,0.026461415458470583,0.02869705343618989,0.0375419519841671,0.028699103859253228,0.015491655096411705,0.049571890383958817,0.05055125430226326
0.0,0.0,0.0008771754219196737,0.013833477161824703,0.015576866688206792,0.019844715716317296,0.02458684961311519,0.03763406490907073,0.03498473507352173,0.037041426403447986,0.04483599285595119,0.06776259851176292,0.062478880397975445,0.05272649711696431,0.05157838389277458,0.10212128609418869,0.04781525209546089,0.11488278955221176
0.0,0.0012077550636604428,0.024276398995425552,0.04532371333334595,0.0750934430398047,0.06683403789065778,0.09442130237584934,0.12632381514413282,0.11969152465462685,0.1382745886221528,0.171575918328017,0.18428806122392416,0.2837936757132411,0.23089527525007725,0.26150197722017765,0.33288548421114683,0.3179336250759661,0.5385125279426575
0.0,0.0010149659356102347,0.02408124110661447,0.036896131467074156,0.04954296408686787,0.048805905506014824,0.03431672346778214,0.04069570353021845,0.027145129162818193,0.047111770953051746,0.06638011708855629,0.0990095721790567,0.10395461891312152,0.07184859365224838,0.08204593509435654,0.12462417036294937,0.1847558319568634,0.2554323673248291
0.0,0.0,0.0,0.0006690608570352197,0.006037754472345114,0.014350083656609058,0.014776561409235,0.01953027700074017,0.02666305168531835,0.024699098663404584,0.012439330574125051,0.015172255225479603,0.014221750665456057,0.01935680105816573,0.026229634881019592,0.055103447288274765,0.04382150620222092,0.05919821560382843
0.0,0.01000233180820942,0.042575426399707794,0.03400716930627823,0.0224675455247052,0.05510870646685362,0.044256957713514566,0.021236255764961243,0.02376119082327932,0.019256845698691905,0.02218721993267536,0.05384711059741676,0.09902364131994545,0.07994238217361271,0.040510626626200974,0.02267664670944214,0.11369504034519196,0.15874119102954865
0.0,0.0,0.00031917201704345644,0.001930240192450583,0.0049075838178396225,0.006995331030339003,0.008019365021027625,0.018258686643093824,0.015029483125545084,0.015811449382454157,0.0398814280051738,0.045179297390859574,0.03709471880574711,0.022128890734165907,0.024093147832900286,0.04108847677707672,0.07524548470973969,0.09152518212795258
0.0,0.0,0.01315120467916131,0.03047359164338559,0.03467504307627678,0.025843889103271067,0.018381384667009115,0.012626718264073133,0.02455042046494782,0.038321985164657235,0.04656381532549858,0.06358589231967926,0.09126138687133789,0.05926204472780228,0.08639763295650482,0.07848600298166275,0.08128567785024643,0.08180973678827286
0.0074811410158872604,0.06267720926553011,0.17617163702379912,0.4717624506447464,0.5592242057318799,0.5061438747216016,0.8787016224232502,0.932709664455615,1.0150590552366339,1.3851764602586627,1.3838693730067462,1.3781005014898255,1.8674633516930044,2.3201008539181203,1.9512035846710205,3.149233102798462,3.4765400886535645,4.162953853607178
0.0,0.0025014153216034174,0.06595777161419392,0.048731749411672354,0.05118615087121725,0.07060645637102425,0.0560928659979254,0.07499260641634464,0.10470635088859126,0.17617307661566883,0.17013177601620555,0.2346701233764179,0.35326966928550974,0.5386858616548125,0.6735821159672923,0.5900616014841944,1.3076474606059492,1.4360551834106445
0.0,0.029206031234934926,0.020656846929341555,0.021397623349912465,0.05747897445689887,0.058145070739556104,0.07407729429542087,0.11605646123643965,0.12030270975083113,0.18261079746298492,0.22816453676205128,0.17728135455399752,0.41061397292651236,0.33111149072647095,0.3157042860984802,0.38863176107406616,0.45837369561195374,0.46033599972724915
0.0,0.0016811771783977747,0.024706104770302773,0.02498245472088456,0.040791091858409345,0.04747419792693108,0.07031171396374702,0.11536425538361073,0.10077861323952675,0.09798545343801379,0.1387485780287534,0.1948299314826727,0.09226554993074387,0.13715369676356204,0.27173170092282817,0.31837406754493713,0.34425318241119385,0.28523463010787964
0.0,0.000697453273460269,0.030280620325356722,0.05080177664058283,0.04015470598824322,0.050431698793545365,0.0648356166202575,0.11292582238093019,0.08194510289467871,0.08415054314536974,0.18852985266130418,0.23236357979476452,0.18669384147506207,0.23490978206973523,0.2091676965355873,0.17484607151709497,0.274439710075967,0.3685346841812134
0.0,0.0,0.0,0.0007019138429313898,0.0,0.0011048989545088261,0.004978278069756925,0.012466510175727308,0.016187422210350633,0.012478657154133543,0.025942390377167612,0.02850013953866437,0.02629634365439415,0.01770448056049645,0.013737178058363497,0.01033921621274203,0.024334784597158432,0.08174117654561996
0.0,0.0,0.017411709297448397,0.029299525311216712,0.04015342169441283,0.028538908751215786,0.019173046806827188,0.015671041328459978,0.028590017231181264,0.03907549008727074,0.03254809565260075,0.022924324497580528,0.04677710717078298,0.01537697872845456,0.024059064919129014,0.04145697131752968,0.15619495511054993,0.1438158005475998
0.0,0.0,0.002851819386705756,0.015155485831201077,0.02159829848096706,0.014675231941509992,0.007039604941383004,0.0108184878481552,0.018528856860939413,0.011166480195242912,0.011404854245483875,0.01949791656807065,0.02650883636670187,0.032045274041593075,0.024091213941574097,0.07386721670627594,0.05961502343416214,0.04496711492538452
0.0,0.02274423692142591,0.07666779309511185,0.17237244447460398,0.17269007896538824,0.22382777114398777,0.25517345854314044,0.30201027033035643,0.4025524928001687,0.5799308188725263,0.8563895142870024,1.1687401090166532,0.9502858480846044,1.3707485226914287,1.6411564112640917,1.5934134721755981,2.3648669719696045,2.4675002098083496
0.0,0.0,0.001741305401083082,0.015110103675397113,0.044217481394298375,0.06477918149903417,0.05012384444125928,0.05590190540533513,0.05104520486202091,0.04021625831956044,0.049638859927654266,0.04593508073594421,0.05766847694758326,0.152675460500177,0.21733661441248842,0.16369819338433444,0.15097276121377945,0.14986859261989594
0.0,0.009101317264139652,0.00702327536419034,0.011583557585254312,0.05007704347372055,0.05072167806793004,0.060537747805938125,0.04393615364097059,0.04063346120528877,0.05196280579548329,0.05424772948026657,0.03864734619855881,0.04359523591119796,0.12371760606765747,0.14333951473236084,0.07108643651008606,0.09310686588287354,0.13661693036556244
0.0,0.0,0.0,0.003016890725120902,0.0064087300561368465,0.0108011185657233,0.013618882279843092,0.02182115102186799,0.020923383999615908,0.016078167827799916,0.03330755382194184,0.05398579442407936,0.05461271107196808,0.08703269064426422,0.07456496258964762,0.08234702050685883,0.051986269652843475,0.09521351009607315
0.0,0.000493293278850615,0.019502615876263008,0.022565144929103553,0.03807969391345978,0.07186008035205305,0.11240009043831378,0.08436006825650111,0.04382672457722947,0.03383922518696636,0.03203339269384742,0.04598029307089746,0.027523402590304613,0.06935359910130501,0.054923346266150475,0.0437353178858757,0.06643272936344147,0.05944930016994476