0.0,0.059284361195750535,0.36727866777800955,0.5071010328829288,0.7828215637418907,1.0811044397996739,1.2009253386640921,1.758747311832849,2.3879728435131256,3.2422927359002642,4.069611152051948,5.490938130707946,6.20196376106469,9.128208821057342,9.838983917725272,13.134790426905965,15.999903432035353,31.89466806591372,47.38933521055151,49.8079936412978,42.93579292297363,113.16902923583984
0.002416516887024045,0.5010982231178787,1.9207480124896392,3.4360412152891513,8.194882885873085,14.591537740081549,41.182219283567974,59.88741334769293,53.458618638833286,119.23500457033515,100.26676298995153,69.5176669053908,53.043591468187515,31.262937735853484,27.556001458113315,15.860187692742329,11.779615985229611,32.00223291135626,156.78947993853944,131.1149075323483,82.35789209604263,102.83527374267578
0.021116458461619914,0.38579297764226794,1.706556596502196,2.3176443121337797,3.823813333438011,5.409885571571067,7.154776330367895,9.752822271315381,17.181262993748533,22.751959660061402,32.498618191923015,43.97575874492759,83.71233990378096,110.75136374734575,82.13589825172676,90.24657053506235,87.04837705410318,91.74465794823482,450.27956776620704,133.77419664349873,4.506083332002163,32.7615852355957
0.0,0.03289301725453697,0.6961978941981215,1.0753897866525222,1.63672912993934,1.9763329917332157,2.270607426253264,2.7096552380244248,3.1935111603525,4.225017463933909,5.7777448698470835,7.422590603848221,12.64853371627396,32.36578272935003,40.76454174303217,57.691416968475096,89.05500917026075,204.3499320204719,282.9029391637305,96.70754072506679,5.473209857940674,10.610176086425781
0.0,0.0026576042000669986,0.10301534659811296,0.21429886989062652,0.3654999194550328,0.4391205318097491,0.4913725178921595,0.5163995306938887,0.6077008101856336,0.7341674499912187,0.7020000340417027,0.7029821104370058,1.0591125128557906,1.437079105846351,1.7599697395344265,2.248112992150709,2.1729183843708597,2.609992010751739,7.853436402860098,9.77527880721027,13.282687334693037,45.10687255859375
0.0,0.022733625315595418,0.3234959861729294,0.47379529432510026,0.7757527790090535,1.1387902547430713,1.2654205150320195,1.4467853581300005,1.6688641971559264,2.0817573737876955,3.1443334853975102,3.285015960340388,4.7182361929735634,4.989389789872803,6.283989653806202,9.234576087852474,11.12082491145702,41.520251587237,91.50018324580742,73.83210211468395,67.53732061386108,55.2993278503418
0.0,0.15780655901471619,0.5872163354652002,0.9855798265198246,1.3797372814442497,1.8841591863019858,2.0966909998096526,2.7295949957042467,4.7660094964376185,5.732220534933731,6.957405985391233,7.836668679577997,11.665377571101999,15.440212479239563,16.62665749032749,22.842421169247245,56.46406191558344,94.84780626901193,128.05020383105148,163.35843752592336,88.35267095046584,78.18533325195312
0.011983087984845042,0.18143373492057435,1.0825554423208814,1.7671902570291422,2.817318960413104,4.30891678086482,6.399482826673193,8.885575329826679,10.272946117795072,15.824890657531796,23.164715701830573,24.89021703429171,65.7878090775339,82.27147283195518,108.30655350533198,82.40390847058734,25.084526951919543,19.390132532978896,19.53965778677957,21.457322728907457,85.65397453308105,19.37940216064453
0.0,0.009859975602012128,0.17251140958978795,0.44907378061907366,0.5707833588821813,0.6639788956963457,0.7292178428033367,0.8699711276858579,0.9830859989742748,1.5730097720515914,1.353885009768419,1.6327275141666178,3.6351199552882463,5.640124194644159,6.863010745088104,5.9013830822950695,7.294657727907179,27.727330697060097,42.88315348359174,45.4920269115828,144.09934650402283,81.41116333007812
0.0,0.08904318779241294,0.2649405540432781,0.35910006292397156,0.5413505877950229,0.7559552853927016,0.9042804540658835,0.9725689664192032,1.254893531469861,1.637223901314428,2.0391891314357053,2.120843548414996,3.6197056313685607,5.073156000988092,5.972043614048744,8.029189432912972,15.655431726685492,29.175542975775898,52.173260615672916,63.25573921203613,70.06102728843689,64.76908874511719
0.0,0.1390006398432888,0.70817031772458,0.9366042356559774,1.277118254918605,1.665707547974307,2.0172927479434293,3.1391046918579377,3.8735490553081036,5.808534214855172,7.346448946977034,9.588678793021245,16.705057106533786,24.939062444173032,26.096779682062333,64.7220799827628,144.117787076073,144.09488515288103,34.36539715679828,49.67729744967073,197.3962287902832,95.92932891845703
0.0,0.05933840709622018,0.48467421054374427,0.8069603742333129,1.0629822672053706,1.434393942996394,1.7138866965833586,2.1051406047918135,3.069629303732654,4.552079183951719,6.606064910069108,9.881790841202019,13.440984142478555,21.00100437871879,30.092108437238494,43.375387473759474,49.315963429777185,44.50516618913389,53.19648457731819,56.01812004571548,146.8142852783203,128.9624481201172
0.0,0.08609467631322332,0.8401562012149952,1.4689697774592787,1.7458966349367984,2.5332485621329397,3.217216275719693,4.9361801005434245,6.411513094208203,10.183970109617803,16.133506308455253,50.58012729327311,34.895058479945874,36.285265750135295,25.5952511964133,27.908485292922705,24.423413493088447,35.34511062758975,9.840763008687645,6.03651809412986,3.5029754638671875,109.4595718383789
0.0,0.059284361195750535,0.36727866777800955,0.5071010328829288,0.7828215637418907,1.0811044397996739,1.2009253386640921,1.758747311832849,2.3879728435131256,3.2422927359002642,4.069611152051948,5.490938130707946,6.20196376106469,9.128208821057342,9.838983917725272,13.134790426905965,15.999903432035353,31.89466806591372,47.38933521055151,49.8079936412978,42.93579292297363,113.16902923583984
0.0,0.1685014399990905,1.0364585995557718,1.6277229162224103,2.4278384197386913,3.4293525891844183,4.171434655523626,5.230604978307383,5.686815916604246,9.724410091439495,12.713566994527355,15.898231769097038,21.465884610952344,40.170419406786095,40.13219490123447,95.75375174442888,79.14148411614588,80.22782178665511,117.59786409695516,321.80386787094176,247.97621664358303,39.12812805175781
0.012271370738744736,0.3692938072490506,1.73980922967894,2.2951785546320025,3.9191430625214707,6.292446491483133,7.438587241515052,12.375667562970193,17.463260512973648,29.975216346239904,42.894919479091186,61.01312248763861,85.41563149236026,93.67710140667623,92.31858087895671,114.63836666091811,108.31934219950926,124.94368324289098,270.803047651425,166.3394346277928,95.46085471753031,53.90287780761719
0.0010330391814932227,0.4107526563166175,1.3984559036034625,2.519921830185922,5.651504023961024,9.90814865595894,14.950897069371422,21.93062850498245,42.49478732634452,58.545910307148006,101.5915458035015,138.03644042520318,64.29748191629187,72.11801847393508,54.559220253053354,69.06890914117685,37.61525175583665,70.71962841253844,59.776277519064024,45.226385078247404,63.140090947272256,98.47020721435547
0.017785657371859998,0.20689442686853,1.2432809696765617,1.7493712381110527,2.853162566345418,6.528806800197344,7.638990422303323,13.768703846202698,30.653455837615184,36.716681376536144,56.503559210163075,53.12218350122566,53.38329240620078,109.36536975181662,98.60567785141757,66.63884063268779,92.44461357261753,146.98994243051857,24.853658360691043,9.14326027513016,66.26158905029297,11.960372924804688
0.002645157859660685,0.4124729458708316,1.6891681128472555,2.478322598064551,4.055922445142642,5.83707262747339,7.594846789492294,14.63756681032828,27.164929920283612,50.96169954641664,62.19455850412487,75.37900185218314,60.66852404255769,69.57095447689062,80.79538192841574,197.35834508799599,70.03075030664331,50.82909935925272,38.35130851203576,150.8697495276283,125.52328237053007,197.24691772460938
0.0013394184643402696,0.16232010649400763,1.1360913642274681,1.7503076473658439,2.540895781799918,3.881790736617404,4.469462760229362,6.015641912468709,8.60377730379696,10.800328448007349,13.155663056357298,14.686830649385229,43.85621981168515,43.383718591037905,51.85551849016338,54.064279146143235,68.82962048053741,73.81573145906441,86.8246908223955,229.83308797574136,392.93838058330584,107.85185241699219
0.00118667830247432,0.1560320509597659,0.6612817822169745,0.9730419896659441,1.630580923956586,2.0684170231979806,2.185625664977124,2.8626589362102095,3.8065790047403425,5.3935326026403345,12.849101076222723,25.477888174034888,50.54773398436373,43.30684561099042,54.770300252974266,64.81971615494695,64.73183560158941,68.0664189948875,95.24179640656803,72.22405195236206,34.36192321777344,56.72858810424805
0.00620074407197535,0.2851857380592264,1.277292861836031,2.065195487404708,2.931390958314296,4.1405409224680625,4.882647482998436,6.73300693820056,9.938503431039862,11.174268741364358,22.668342550343368,26.071849948144518,55.78832829275052,67.36204102696502,70.51608680534991,165.96028554678196,177.23991241533076,344.8525363584922,203.19655319512822,41.73943009777577,59.83594438288128,46.060115814208984
0.0010074794990941882,0.2601736556098331,1.5683357627713121,2.1043667527264915,3.3889103617402725,4.85040682554245,5.667609428055584,7.747644786111778,10.37072094756877,19.955899375869194,48.84539975668304,62.07280041236663,126.61704019791796,119.1452470580989,139.421237205941,77.76241164989187,22.34277624989045,31.72305220220005,22.46875245560659,100.59981969418004,39.55346220731735,68.67066955566406
0.0,0.17560896096983925,0.643249079817906,0.8438681628613267,1.6732945565599948,1.7242462581780273,2.238354627334047,2.661815934290644,3.8167973630479537,4.135756186937215,4.971043007826665,5.246138457208872,7.723510941723362,13.323439427098492,17.674574056931306,21.003266067884397,25.132842652703403,40.211378734209575,34.20674230874283,37.183469999115914,62.22457408905029,69.6522445678711
0.0,0.11428186245029792,0.8622896789747756,1.3202837296703365,1.7429585738282185,2.5403394785535056,2.9443406712671276,4.536518282489851,5.393722044595052,8.113123048184207,11.391146060021129,13.369991494633723,34.09132776572369,58.10241811978631,103.24575689938501,133.19778861725354,154.25669610063778,108.42790347937262,128.35020262171747,246.8555984661798,104.44322898518294,105.54129791259766
0.0,0.07716855083708651,0.8692879497248214,1.4472413988551125,1.7873473791987635,2.335668969870312,2.91933236947807,4.164815300377086,3.8562465942522977,5.621871056064265,5.997853997629136,7.771363186300732,10.637284287280636,17.654407316440484,24.725748112396104,27.814945274527417,29.277184394275537,39.04977762524504,63.05138094339054,221.24385129098664,80.94916580757126,158.04270935058594
0.0,0.04829316624091007,0.44236449693562463,0.6080884127295576,0.8814674918539822,1.0842009654734284,1.1628334496926982,1.791389559977688,2.2300356352352537,2.8766166254354175,3.2758068388793617,3.6730084498558426,5.073244672763394,7.306426148425089,7.884092333260924,11.841191956191324,21.99608414786053,18.791023213707376,31.29513365056482,108.66531997907441,65.2562781679444,93.6049575805664
0.0007791706593707204,0.09112652321346104,0.44008446187945083,0.693086851388216,1.0230334696534555,1.466573068057187,1.6592075540393125,1.8481129068823066,2.2073794351308607,2.4417560187284835,3.5613527113455348,4.546294736937853,7.73941689930507,11.564630758133717,12.190095326426672,11.429681028821506,31.249492406117497,53.635221231787,44.810715393163264,47.675315887725446,143.61944165089517,146.4979248046875
0.0036790315061807632,0.13299927761545405,0.8090384727984201,1.0358029759954661,1.2479404668556526,1.9460608976369258,2.3718842271191534,3.5817438631202094,5.124933458777377,5.793340026051737,7.9726242878241464,10.608400741766673,18.398206886078697,25.279291814717,29.118302245624363,30.746296916448046,44.39983940930688,71.68235560160247,144.41203833429608,109.45721090078587,145.81290588423144,29.65720558166504
0.013380595715716481,0.12894098547985777,0.48793765576556325,0.5802977709390689,0.9865244056854863,0.9684482821030542,1.212091051536845,1.45786146633327,1.7183242175087798,2.244961298914859,3.0350296415854245,3.4578009017859586,4.85612132967799,6.549488792923512,8.48669720212638,12.391392275094404,16.835143631178653,21.455913770012558,74.00987357224221,295.97223509362084,153.34021032071905,27.157691955566406