0.0,0.0,0.0,0.0,0.0014050124445930123,0.001679807377513498,0.005218398466240615,0.016317192930728197,0.010266681259963661,0.00941650872118771,0.010699180827941746,0.012199319433420897,0.008282983035314828,0.016184826206881553,0.011151452548801899,0.015469880774617195,0.022906385362148285,0.02973391953855753,0.00963166356086731,0.007625367492437363,0.012340344488620758,0.0,0.007302962243556976,0.0030750855803489685,0.008254061453044415,0.003065454540774226,0.0025689508765935898,0.008975336328148842,0.005016953684389591,0.009320473298430443,0.018073324114084244,0.007965070195496082,0.016580382362008095,0.017545554786920547
0.0,0.0,0.0,0.0,0.0,0.0,0.0,0.0,0.0,0.0,0.0,0.0,0.0,0.0011445987038314342,0.00079051946522668,0.0022113921586424112,0.0,0.0,0.0,0.0,0.0,0.0,0.0,0.0,0.0,0.0,0.0,0.0,0.0,0.0,0.0,0.0,0.0,0.0
0.0,0.0,0.0,0.0,0.0,0.0,0.0,0.0,0.0,0.0,0.0,0.0003932356194127351,0.001644208561629057,0.005521011538803577,0.001604604534804821,0.0005201244493946433,0.0,0.0,0.0,0.0,0.0036518333945423365,0.0,0.0,0.0,0.0,0.0,0.0,0.0,0.0,0.0,0.0,0.0,0.0,0.0
0.0,0.0,0.0,0.0,0.0,0.0,0.0007915974711067975,0.0037540998309850693,0.004353766329586506,0.004284996539354324,0.003513900563120842,0.002685998100787401,0.002821917412802577,0.001328896265476942,0.0012969131348654628,0.0,0.0,0.0,0.0,0.0,0.0,0.0,0.0004981763195246458,0.0,0.0,0.0007136851781979203,0.0,0.0,0.0,0.0,0.0,0.0,0.0,0.0
0.0,0.0,0.0,0.0,0.0,0.0,0.0,0.0,0.0,0.0,0.0,0.0,0.003090346057433635,0.010675190424080938,0.011700750910677016,0.0018508413340896368,0.0021818233653903008,0.0010890974663197994,0.0,0.0,0.0,0.0007381240138784051,0.0004006675735581666,0.006779184564948082,0.0,0.0,0.0,0.0,0.0,0.0,0.00044521738891489804,0.0,0.0,0.0019279377302154899
0.0,0.0,0.0,0.0,0.0,0.0,0.0,0.0,0.0,0.0,0.0,0.0,0.00044630913180299103,0.005625879159197211,0.004588406067341566,0.0019798660650849342,0.0034362580627202988,0.003060528775677085,0.000850802636705339,0.0,0.0,0.0005631921230815351,0.0,0.0,0.0,0.0,0.0,0.0,0.0,0.0,0.000885062268935144,0.0,0.0006369101465679705,0.0018507343484088778
0.0,0.0,0.0,0.0,0.0,0.0,0.0,0.0,0.0,0.0,0.0,0.0,0.0,0.0,0.0,0.0,0.0,0.0,0.0,0.0,0.0,0.0,0.0,0.0,0.0,0.0,0.0,0.0,0.0,0.0,0.0,0.0,0.0,0.0
0.0,0.0,0.0,0.0,0.0,0.0,0.0,0.0,0.0,0.0,0.0,0.0,0.0,0.0,0.0,0.0,0.0,0.0,0.0,0.0,0.0,0.0,0.0,0.0,0.0,0.0,0.0,0.0,0.0,0.0,0.0,0.0,0.0,0.0
0.0,0.0,0.0,0.0,0.0,0.0,0.0,0.0,0.0,0.0,0.0,0.0,0.0,0.0,0.0,0.0005286786472424865,0.0012146041262894869,0.003785240580327809,0.0021324653644114733,0.0011282173218205571,0.0,0.0,0.0006930569070391357,0.0,0.0,0.0005227423389442265,0.0007061284268274903,0.0006142902420833707,0.0,0.0,0.0,0.0,0.0,0.0
0.0,0.0,0.0,0.0,0.0,0.0015601245395373553,0.005605577491223812,0.015325406566262245,0.016920943162404,0.01222510525258258,0.011554361670278013,0.007466462382581085,0.00795603112783283,0.008383462787605822,0.005395181360654533,0.00851771782618016,0.0,0.0032501640962436795,0.0020145459566265345,0.011300328507786617,0.040659427642822266,0.015338307246565819,0.009610653854906559,0.024407900869846344,0.004026210866868496,0.011638478375971317,0.024211909621953964,0.00398939149454236,0.0027171806432306767,0.011039343662559986,0.006853846833109856,0.0,0.0,0.0
0.0,0.0,0.0,0.0,0.0,0.0,0.0,0.0,0.0,0.0,0.0,0.00032720930175855756,0.0015073975082486868,0.0006555888103321195,0.0014503935817629099,0.0,0.0009440411813557148,0.0,0.0,0.0005131866200827062,0.0020207141060382128,0.0,0.0,0.0,0.0,0.0,0.0,0.0,0.0,0.0,0.0,0.0,0.0,0.0
0.0,0.0,0.0,0.0,0.0,0.0,0.0,0.0,0.0,0.000407270563300699,0.0016760468715801835,0.002309598959982395,0.004471294116228819,0.0014533409848809242,0.0,0.0,0.0,0.0033462594728916883,0.0014875500928610563,0.00046604545786976814,0.0012251888401806355,0.0,0.0,0.0,0.0,0.0,0.0005866563296876848,0.0,0.0,0.0,0.0,0.0,0.0,0.0
0.0,0.0,0.0,0.0,0.0,0.0,0.0,0.0,0.0,0.0,0.0,0.0,0.0,0.0014066690346226096,0.0,0.0,0.0,0.0,0.0,0.0,0.0005559911369346082,0.0,0.0,0.0,0.0,0.0,0.0,0.0,0.0,0.0,0.0,0.0,0.0,0.0
0.0,0.0,0.0,0.0,0.0,0.0,0.0,0.0,0.0,0.0,0.0012369953328743577,0.004803544841706753,0.00825923215597868,0.0019425005884841084,0.0,0.0,0.0,0.0,0.0,0.0,0.0,0.0,0.0,0.0,0.0,0.0,0.0,0.0,0.0,0.000653255614452064,0.0,0.0006495901616290212,0.0010184331331402063,0.0
0.0,0.0,0.0,0.0,0.0,0.0,0.0,0.0,0.001837877556681633,0.0027665894012898207,0.0036924704909324646,0.0051111564971506596,0.0038489156868308783,0.002648534718900919,0.003178471000865102,0.004267677199095488,0.0023415216710418463,0.0009239999926649034,0.00366209470666945,0.004118637647479773,0.0060622794553637505,0.003273386275395751,0.0009967166697606444,0.0029121260158717632,0.008190796710550785,0.0,0.0007400020840577781,0.0,0.0,0.0,0.0,0.0,0.0,0.0
0.0,0.0,0.0,0.0,0.0,0.0,0.0,0.0,0.0,0.0,0.0,0.0,0.0007244434091262519,0.0006173519068397582,0.0,0.0,0.0,0.0,0.0,0.0,0.0,0.0,0.0,0.0,0.0,0.0,0.0,0.0,0.0,0.0,0.0,0.0,0.0,0.0
0.0,0.0,0.0,0.0,0.0,0.0,0.0,0.0,0.0,0.0,0.0,0.0,0.0,0.0,0.0,0.0,0.0,0.0008088243776001036,0.003960658796131611,0.0022042144555598497,0.0,0.0,0.0,0.0,0.0,0.0,0.0,0.0,0.0,0.0,0.0,0.0,0.0,0.0
0.0,0.0,0.0,0.0,0.0,0.0,0.0,0.0,0.0,0.0,0.0,0.0,0.0,0.0,0.0,0.0,0.0,0.0,0.0,0.0,0.0,0.0,0.0,0.0,0.0,0.0,0.0,0.0,0.0,0.0,0.0,0.0,0.0,0.0
0.0,0.0,0.0,0.0,0.0,0.0,0.0,0.0,0.0005985860479995608,0.006001044414006174,0.00524380971910432,0.004740740638226271,0.007704534567892551,0.007506117224693298,0.0052725099958479404,0.0011600345897022635,0.0032302202889695764,0.007735050690826029,0.006535397900734097,0.012646868359297514,0.0017837792984209955,0.0009924861369654536,0.009522185660898685,0.0007990538142621517,0.0,0.0,0.0,0.00630552601069212,0.001721808104775846,0.001294123474508524,0.0006629325798712671,0.0019895636942237616,0.0,0.0006252651801332831
0.0,0.0,0.0,0.0,0.0,0.0,0.0,0.0,0.0,0.0,0.0,0.000755928223952651,0.0007528710993938148,0.0006910071824677289,0.0,0.0,0.0,0.0,0.0,0.0,0.0,0.0,0.0,0.0,0.0,0.0,0.0,0.0,0.0,0.0,0.0,0.0,0.0,0.0
0.0,0.0,0.0,0.0,0.0,0.0,0.0,0.0,0.0,0.0,0.0,0.0,0.0,0.0,0.0,0.0,0.0,0.0,0.0,0.0,0.0,0.0,0.0005637920112349093,0.0,0.0,0.0,0.0,0.0,0.0,0.0,0.0,0.0,0.0,0.0
0.0,0.0,0.0,0.0,0.0,0.0,0.0,0.0,0.0,0.0,0.0,0.0,0.0,0.0,0.0,0.0,0.0009383720462210476,0.0,0.0,0.0,0.0,0.0,0.0,0.0,0.0,0.0,0.0,0.0,0.0,0.0,0.0,0.0,0.0,0.0
0.0,0.0,0.0,0.0,0.0,0.0018302790122106671,0.0011258824961259961,0.004384076688438654,0.009883631719276309,0.011137386783957481,0.010465307859703898,0.01350688433740288,0.011732201499398798,0.007784399262163788,0.005430659570265561,0.0,0.0,0.0026501940737944096,0.0058739252272062,0.000639992009382695,0.0024314650800079107,0.0011733671417459846,0.0009256007615476847,0.0,0.005378518137149513,0.0031293644569814205,0.024052435532212257,0.0,0.020330145955085754,0.0014663850888609886,0.0,0.004132562782615423,0.0014204583130776882,0.000515295600052923
0.0,0.0,0.0,0.0,0.0,0.0,0.0,0.0,0.0,0.0,0.0,0.0,0.0,0.0,0.0,0.0,0.0,0.0,0.002181489020586014,0.001277149305678904,0.0,0.0,0.002404541475698352,0.00123009760864079,0.0002834538172464818,0.0011577231343835592,0.0,0.0,0.0,0.0,0.0,0.0,0.0,0.0
0.0,0.0,0.0,0.0,0.0,0.0,0.0,0.000451227038865909,0.002450743690133095,0.003158109961077571,0.0028001624159514904,0.0012513725087046623,0.001861724304035306,0.0,0.0,0.0049218605272471905,0.007687227334827185,0.0,0.0,0.0,0.0015679211355745792,0.0,0.0,0.0,0.0,0.0,0.0,0.0,0.0,0.0,0.0016809339867904782,0.0007133135804906487,0.0,0.0
0.0,0.0,0.0,0.0,0.0,0.0,0.0,0.0,0.0,0.0,0.0,0.0,0.0,0.0,0.0,0.0,0.0,0.0,0.0,0.0,0.00035210661008022726,0.0007322977762669325,0.0006294984486885369,0.0,0.0,0.0007383429328911006,0.0,0.0,0.0,0.0,0.0,0.0,0.0,0.0
0.0,0.0,0.0,0.0,0.0,0.0,0.0,0.0,0.0,0.0,0.0,0.0006255136104300618,0.001931927865371108,0.0009988124947994947,0.0,0.0,0.0,0.0,0.00021180744806770235,0.0004985553096048534,0.0,0.0,0.0,0.0,0.0,0.0,0.0,0.0,0.0,0.0,0.0,0.0,0.0,0.0
0.0,0.0,0.0,0.0,0.0,0.0,0.0,0.0,0.0,0.0,0.00042561235022731125,0.0,0.0006882179877720773,0.0005498070968315005,0.0012639740016311407,0.0,0.0,0.0,0.0,0.0,0.0,0.0,0.0,0.0,0.0,0.0,0.0,0.0,0.0,0.0,0.0,0.0,0.0,0.0
0.0,0.0,0.0,0.0,0.0,0.0,0.0,0.0,0.0,0.0,0.0,0.0,0.0,0.0,0.0,0.0,0.0,0.0,0.0,0.0028997838962823153,0.0,0.0,0.0,0.0,0.0,0.0,0.0,0.0,0.0,0.0,0.0,0.0,0.0,0.0
0.0,0.0,0.0,0.0,0.0,0.0,0.0,0.0,0.0003749688621610403,0.0027054953388869762,0.004618445411324501,0.004426710307598114,0.0,0.0,0.0,0.0,0.0,0.0,0.0,0.0,0.0,0.0,0.0,0.0,0.0,0.0026116338558495045,0.0019040590850636363,0.0,0.0,0.0,0.0,0.0,0.0,0.0