0.0,0.015500731766223907,0.02086090063676238,0.029500345641281456,0.038485823199152946,0.04509818181395531,0.026198475155979395,0.03911490552127361,0.041253116505686194,0.039303503901464865,0.06481323705520481,0.06276825960958377,0.12011400703340769,0.12859960831701756,0.15082837222144008,0.19262871920363978,0.15362889895914122,0.26673172356095165,0.4825563430786133,0.2946947515010834,0.4360889792442322,0.4978828430175781
0.0,0.0,0.0,0.002826038748025894,0.029958549072034657,0.018105237337294966,0.03104036534205079,0.05547624360769987,0.02832012632279657,0.023211194173200056,0.04159611917566508,0.03907624026760459,0.04536726069636643,0.030458938097581267,0.04342992650344968,0.039532776921987534,0.11641222983598709,0.13328913191799074,0.12621444463729858,0.21518023312091827,0.15505866706371307,0.15034465491771698
0.0,0.0,0.0,0.006052440265193582,0.022435977880377322,0.03312469960656017,0.028273625182919204,0.020515233743935823,0.014445584325585514,0.020881096716038883,0.024955859291367233,0.015096538205398247,0.01881303684785962,0.01540498822578229,0.024569745059125125,0.08519023237749934,0.11588498286437243,0.040192733256844804,0.0684872887795791,0.10200498288031667,0.11686768382787704,0.10709469020366669
0.0,0.0,0.0021338961087167263,0.015314779710024595,0.03905774187296629,0.03994109178893268,0.03143333923071623,0.01737822371069342,0.024151475401595235,0.02044518245384097,0.01879144343547523,0.01555814710445702,0.010918726911768317,0.044748110114596784,0.07409159163944423,0.1237374865449965,0.05554540827870369,0.09054889157414436,0.15276166796684265,0.10512461513280869,0.11810742318630219,0.132518008351326
0.0,0.0,0.0,0.002348880283534527,0.0019276282982900739,0.0053191897459328175,0.003182407468557358,0.004871365847066045,0.010429027024656534,0.0213241723831743,0.021680658624973148,0.02700526127591729,0.029624237155076116,0.0322560427011922,0.01892082521226257,0.011947274208068848,0.015285568835679442,0.012173758499557152,0.021397500269813463,0.06277349288575351,0.02759603038430214,0.04411231726408005
0.0,0.0,0.0,0.0,0.0,0.0,0.0007134347106330097,0.0029105001885909587,0.007245776185300201,0.01237486395984888,0.019123136677080765,0.020282117067836225,0.013776966428849846,0.01950926351128146,0.023668275767704472,0.022068720310926437,0.03746912581846118,0.035246651619672775,0.02322374132927507,0.024588165804743767,0.031741785001941025,0.03525024652481079
0.0,0.0,0.0,0.0,0.004226118791848421,0.010091018630191684,0.0077716243686154485,0.015184280928224325,0.02074233366874978,0.01851614285260439,0.023072993382811546,0.0353746380424127,0.03129799064481631,0.018812946567777544,0.010769057524157688,0.02613970948732458,0.042814618442207575,0.04333824769128114,0.0854203999042511,0.082985520362854,0.07025753706693649,0.10350891202688217
0.0,0.0,0.00644854037091136,0.011226795613765717,0.016168890870176256,0.019230493111535907,0.0337567746755667,0.03507589368382469,0.03966986038722098,0.04054392466787249,0.0336579920258373,0.026393932988867164,0.021158629562705755,0.07275736064184457,0.1447337621357292,0.06470865494338796,0.10817981511354446,0.20297543704509735,0.09717392176389694,0.09674166142940521,0.1291937679052353,0.12886324524879456
0.0,0.0008782845106907189,0.056226334534585476,0.10935705786687322,0.13069256581366062,0.14818729989929125,0.14495473325951025,0.14475827163551003,0.21648227761033922,0.30701583105837926,0.33568918218952604,0.48890379507793114,0.7408626882825047,1.2825447757495567,1.5499041005969048,1.2282263040542603,1.0480252504348755,1.440294508356601,1.738661692943424,1.6981598570710048,1.425493884482421,2.1774659156799316
0.0,0.0,0.005493006552569568,0.016678588872309774,0.0537282825098373,0.06510134087875485,0.06768841296434402,0.07639190083136782,0.09515301370993257,0.09900453279260546,0.10505304895923473,0.14101327094249427,0.11874526843894273,0.26795980310998857,0.4794416737277061,0.46563215740025043,0.20347702875733376,0.5440681313630193,0.5590165853500366,0.43386736512184143,0.6548362970352173,0.602608859539032
0.0,0.0,0.0,0.0021171545959077775,0.011951468070037663,0.03516485099680722,0.04796733148396015,0.04799086059210822,0.024832098395563662,0.03916122787632048,0.03759029466891661,0.038531499973032624,0.04989616567036137,0.046515445137629285,0.06692708109039813,0.011184944945853204,0.04361443407833576,0.2221534977434203,0.24218907160684466,0.20952607691287994,0.19573481380939484,0.17574197053909302
0.0,0.0,0.0,0.0,0.0,0.0,0.0016953954473137856,0.01569944218499586,0.021034618141129613,0.029524983576266095,0.03808554686838761,0.028077168681193143,0.028119828435592353,0.04631028848234564,0.04662200389429927,0.011277700250502676,0.05562824092339724,0.0762191241956316,0.10918763314839453,0.43061080970801413,0.42435961961746216,0.5220321416854858
0.0,0.0,0.0031904508359730244,0.0074532609432935715,0.00633581168949604,0.020594019442796707,0.017816416919231415,0.010026948410086334,0.009862829698249698,0.010730607435107231,0.021227268502116203,0.036259441229049116,0.034306707937503234,0.024928589642513543,0.017220964567968622,0.0457014057028573,0.04036315903067589,0.026881817262619734,0.07569021731615067,0.11559155583381653,0.11749732494354248,0.4842890501022339
0.0,0.0,0.0007012326968833804,0.003031497122719884,0.009478570893406868,0.011215558275580406,0.008427214808762074,0.010987966321408749,0.01669784728437662,0.00839590560644865,0.007371238665655255,0.0118262255564332,0.017977113835513592,0.03328193351626396,0.049161456525325775,0.01288007921539247,0.012995556928217411,0.017517631873488426,0.017979659140110016,0.04468455910682678,0.017834573984146118,0.013479790650308132
0.0,0.0,0.0022259284742176533,0.007331706816330552,0.01701611978933215,0.01870805397629738,0.0291188748087734,0.030177113483659923,0.016304896445944905,0.014042073744349182,0.015666880150092766,0.02226557738322299,0.00826597842387855,0.030246614944189787,0.02935168705880642,0.014344794704811648,0.021721859462559223,0.04336354756378569,0.0531152720504906,0.04740880336612463,0.08772151917219162,0.0523882694542408
0.0,0.0,0.0065305279567837715,0.013048991560935974,0.017238214670214802,0.019891238072887063,0.02362223109230399,0.02388989692553878,0.02781824569683522,0.025134690804407,0.03754116874188185,0.04402029130142182,0.018283172510564327,0.06636250484734774,0.04485321044921875,0.0678494083113037,0.05885544791817665,0.08009211719036102,0.05003426130861044,0.0533032794483006,0.07780354470014572,0.12321199476718903
0.0,0.0,0.0004451399145182222,0.0016610551392659545,0.005310296779498458,0.00921626714989543,0.011347304796800017,0.022907341830432415,0.02701440069358796,0.021975497249513865,0.010303387884050608,0.021803249139338732,0.022143463604152203,0.011866983026266098,0.01398237724788487,0.01050485298037529,0.0285058137960732,0.022851066663861275,0.0875825583934784,0.04632542282342911,0.07042679935693741,0.06949404627084732
0.0,0.0,0.019764399621635675,0.06438100920058787,0.1128714534570463,0.10251224297098815,0.09546479734126478,0.09650756735936739,0.07422583014704287,0.0707487139152363,0.06005676565109752,0.08904942718800157,0.15410641202470288,0.46515943080885336,0.5532267299713567,0.5290939211845398,0.4664009213447571,0.6588804125785828,0.5080878138542175,0.8313226103782654,0.5233144164085388,0.3778212070465088
0.0,0.00026884619728662074,0.02181950258091092,0.038555529550649226,0.053213249891996384,0.07687823061132804,0.0740607469342649,0.044236263376660645,0.03798800753429532,0.09120848344173282,0.1362795731984079,0.17875764792552218,0.19205754817812704,0.2206596881733276,0.21626977587584406,0.3567336602136493,0.35780801821965724,0.44407813251018524,0.43214601278305054,0.5273513197898865,0.4835723638534546,0.43166565895080566
0.0,0.0033956922125071287,0.0442643107380718,0.05277087242575362,0.08120165960281156,0.07831835775868967,0.09928049292648211,0.09926179889589548,0.15274139918619767,0.19308887113584206,0.2743691975483671,0.34320922900224105,0.752428277337458,0.8414001053897664,0.9266977510123979,1.2847933698212728,1.0863093137741089,1.4977411031723022,1.7300543785095215,1.3532295227050781,1.409548282623291,1.662203311920166
0.0,0.0,0.014425005298107862,0.028036872507072985,0.05700639961287379,0.0777057294617407,0.08084663189947605,0.08759526035282761,0.07158674683887511,0.0643148310482502,0.06669561221497133,0.09430077316937968,0.1538494363776408,0.2117198429768905,0.20552108401898295,0.24351007537916303,0.3529435438977089,0.3461578048299998,0.7814811933785677,0.782037690281868,0.9590991623699665,1.247215747833252
0.0,0.005259464029222727,0.06697759043890983,0.06632020155666396,0.09102800107211806,0.11227571641211398,0.14636432140832767,0.17175423173466697,0.21034663636237383,0.29533432389143854,0.2903087296290323,0.24549149017548189,0.3050961017725058,0.3183236505719833,0.33863989438395947,0.4901908439351246,0.532198250060901,1.239738035335904,1.8242373494431376,1.7606355808093213,0.4185779392719269,0.9134485721588135
0.0,0.00517628007219173,0.02318022260442376,0.024405617732554674,0.025951741088647395,0.012807574588805437,0.007545097847469151,0.01372936659026891,0.025466002407483757,0.023325136658968404,0.044626092072576284,0.05216929130256176,0.09980100113898516,0.09111753734759986,0.1176549963420257,0.18079181120265275,0.21704253368079662,0.15003476524725556,0.21139408508315682,0.18824119213968515,0.1353172859235201,0.17944899201393127
0.0,0.0,0.0007350071100518107,0.01169743831269443,0.01606479616020806,0.008750425127800554,0.01011420611757785,0.008285774034447968,0.014087313204072416,0.012311037455219775,0.02158463839441538,0.027450818452052772,0.01097764924634248,0.01923387311398983,0.019745416939258575,0.04217535420320928,0.049414632841944695,0.05105956923216581,0.03723963350057602,0.08571244776248932,0.09378702938556671,0.06771297007799149
0.0,0.0,0.0,0.0,0.0017730709223542362,0.008192651439458132,0.016962150344625115,0.02498385845683515,0.02538053086027503,0.015157334739342332,0.014935013430658728,0.02787817793432623,0.026699774898588657,0.015757978544570506,0.011040324927307665,0.026277509197825566,0.03336076744017191,0.01609720871783793,0.029562581330537796,0.048199038952589035,0.06167048588395119,0.1423775851726532
0.0,0.0,0.0,0.0,0.0,0.0005254322313703597,0.0014742547646164894,0.007341590477153659,0.017364682513289154,0.02264692692551762,0.023340501938946545,0.01872241811361164,0.015360992460045964,0.02161075151525438,0.019580365624278784,0.026376696303486824,0.06032983958721161,0.0664650946855545,0.031340260058641434,0.05224720761179924,0.06473584473133087,0.12788264453411102
0.0,0.0,0.0,0.0007216469966806471,0.008309143770020455,0.014045370044186711,0.021967885200865567,0.034171827137470245,0.03111762786284089,0.03743363689864054,0.04766642767935991,0.040040705585852265,0.058247344684787095,0.038089478795882314,0.055814626859501004,0.13747395563405007,0.13848115724977106,0.22801974741742015,0.12483007134869695,0.13619545008987188,0.135935565456748,0.15060846507549286
0.0,0.0,0.0,0.0004498257185332477,0.007230697199702263,0.010157695855014026,0.014527182385791093,0.023604162270203233,0.019335758464876562,0.01807888492476195,0.028463882161304355,0.028956217924132943,0.013295029348228127,0.012228194158524275,0.012466091779060662,0.004615715646650642,0.0036569766234606504,0.009912724606692791,0.03191281761974096,0.04030516557395458,0.02520006662234664,0.05429753661155701
0.0,0.0,0.0031466896180063486,0.013655851827934384,0.017159806098788977,0.015419745817780495,0.01703726500272751,0.011627394706010818,0.015019183279946446,0.01066844817250967,0.007798216305673122,0.008209889521822333,0.030578735982999206,0.048479824676178396,0.02977970999199897,0.023397614946588874,0.022370131337083876,0.047871729359030724,0.05735638993792236,0.08471891283988953,0.0990968868136406,0.09422411024570465
0.0,0.0,0.0,0.00580620439723134,0.011396970541682094,0.012417990918038413,0.014918739907443523,0.020916600711643696,0.033528813743032515,0.03233916836325079,0.017561032786034048,0.012232980225235224,0.035958086838945746,0.021900437131989747,0.01770270540146157,0.025510075967758894,0.03335641499143094,0.04871021257713437,0.06152175460010767,0.313340425491333,0.11515211313962936,0.089508555829525