0.0012064785696566105,0.20574734773254022,0.5328614547615871,0.7574358390411362,0.9393638897454366,1.2945978519273922,1.8142007926071528,2.9369335907977074,4.422544843546348,5.404248737671878,8.433369391888846,9.663132032525027,11.449231415957911,18.30690632862388,17.745235673704883,25.177264746424044,28.236419710097834,30.93827247619629
0.0,0.0026174841914325953,0.026340388867538422,0.0414586573606357,0.08882236111094244,0.12987423944287002,0.15900224051438272,0.19704857195029035,0.18372763687511906,0.18320609722286463,0.19616528489859775,0.1876586526632309,0.4332338366075419,1.1259761025430635,1.4399032672517933,2.04576968960464,3.3971552695147693,9.482722282409668
0.0,0.03968098369659856,0.18475355283590034,0.2917369158822112,0.36551267409231514,0.5838297243462875,0.6856640123296529,0.8258334857528098,0.9354754816158675,1.2279394829529338,2.4675392791978084,2.6462003723718226,4.526147041760851,8.531875896005658,10.557063583226409,9.241863086412195,13.053646028391086,20.78839111328125
0.0012870051432400942,0.029137845034711063,0.05641153221949935,0.08301271783420816,0.15075382409850135,0.17730449012015015,0.296218762290664,0.3379298135987483,0.351522677752655,0.49501379241701216,0.9051439303730149,1.077814209711505,1.0428442197153345,1.552794111892581,1.6557601462118328,1.7788596655009314,3.317212483205367,4.862175464630127
0.0,0.0,0.06268577615264803,0.1404007005621679,0.1326245878590271,0.19542878860374913,0.31858379748882726,0.4508611555211246,0.6768513454589993,1.0480338801862672,1.2162614649860188,1.5679504152794834,2.609708513598889,3.1928151042666286,3.4738131682388484,7.481213914928958,10.705073356628418,9.330963134765625
0.007404204225167632,0.22626798230339773,0.3650921657681465,0.45998533436795697,0.7807086211396381,0.8762344230781309,1.0944942424539477,1.5435694282059558,1.7862998662167229,2.5898579346830957,3.919539027265273,5.336265297024511,7.061896892497316,9.837319374084473,10.59780216217041,13.249176025390625,13.932183265686035,18.261611938476562
0.0,0.032817910076119006,0.20822224393486977,0.26561020652297884,0.41636887507047504,0.448162283108104,0.5643209259142168,0.6550755799398758,0.7908538648625836,1.182009923941223,1.7597374965262134,1.7702599498443305,2.149977291934192,2.430427065701224,2.775913114659488,4.203935599885881,7.810999393463135,18.589345932006836
0.0006926370551809669,0.04110426374245435,0.23679737496422604,0.301042593549937,0.3084043428534642,0.4449673490016721,0.44430715101771057,0.5431423834525049,0.8205555606982671,1.224112975236494,1.3265108588093426,2.4171519433439244,3.68164265298401,4.6834890160826035,5.253857641015202,6.251928329467773,7.315285008400679,8.704907417297363
0.0,0.0018247842090204358,0.031269743922166526,0.07532332267146558,0.16791117988759652,0.22873200854519382,0.22755744936876,0.21108801843365654,0.18454271816881374,0.2502424593549222,0.35144213546300307,0.3915872402722016,0.4202039741212502,0.6695355803240091,0.5494015894364566,1.2740912923472933,1.7224388122558594,2.9524285793304443
0.0,0.007149984186980873,0.09376620990224183,0.09603435013559647,0.20795548963360488,0.2805060721584596,0.28181491763098165,0.3693262034212239,0.3507668742677197,0.4195747318153735,0.6051808182965033,0.703769460611511,0.8504421982506756,1.0037529915571213,1.3028339975862764,1.9943982362747192,4.8504414558410645,5.62876558303833
0.0,0.030090489075519145,0.13921987981302664,0.1256806434248574,0.29402528068749234,0.45630733645521104,0.4981502649607137,0.49531449552159756,0.7100433603627607,0.9570680060132872,1.0748097510659136,1.4771326610352844,1.810468059615232,2.0803056064760312,2.1544809341430664,2.8685154914855957,3.3351690769195557,7.011194229125977
0.0013155058259144425,0.07954111462458968,0.3320684530190192,0.5079759475484025,0.9772219260339625,1.255375239852583,1.6047328491695225,2.230008461221587,2.644698159827385,2.6991168005333748,2.539337680558674,3.2191503584035672,3.5720168947882485,4.100459073786624,4.045965253375471,7.020878827665001,15.776410525664687,27.314739227294922
0.0,0.012504391721449792,0.08952980584581383,0.15551618009340018,0.20763939712196589,0.25918907718732953,0.2871737045934424,0.47812710265861824,0.7066572476760484,0.9373538040381391,0.968923284613993,1.4433513054973446,1.3487457171431743,2.5263774532359093,1.8052334662643261,1.7467553317546844,3.4588934489293024,2.6529979705810547
0.0,0.006635056808590889,0.15183372155297548,0.23014907474862412,0.22912880452349782,0.23049477269523777,0.24998275737743825,0.3132528313435614,0.5635114862234332,0.6637835821020417,0.8629425218969118,0.9508879685308784,1.3701498785521835,1.8276656590751372,2.1517466474324465,2.3838389575248584,2.322633981704712,2.5592339038848877
0.0,0.13984552907641046,0.5288859222200699,0.6218199187132996,0.9426363993261475,1.55122567343642,2.162116472492926,3.7134871952584945,5.746922413643915,7.249998895684257,11.250850212876685,16.670701515104156,30.410919820249546,33.693781062960625,24.230835270136595,40.46525573730469,35.757466316223145,28.020761489868164
0.0016663683345541358,0.061784492718288675,0.6772877604526002,0.9402591711841524,1.2164826652151532,1.7052691404824145,2.0368560570350382,2.790216759778559,4.918172187433811,7.49467528911191,11.264318301109597,14.482433844706975,22.22377830799087,62.02644347117166,109.0157249471522,121.43910555000184,164.12126876413822,94.62310028076172
0.0,0.006214199151145294,0.07163020767620765,0.07273828241159208,0.1175532282795757,0.17004558409098536,0.18104514601873234,0.17757968112709932,0.18572075353586115,0.4200553609407507,0.6852930239401758,0.8065757037838921,0.4625849522417411,1.1977929547429085,1.0825652526691556,1.394229288911447,1.2982147559523582,1.972333550453186
0.0,0.0,0.05623558518709615,0.13244234418380074,0.20404721074737608,0.19185424779425375,0.24525046738563105,0.33315032377140597,0.2641809263441246,0.2542995762778446,0.4040836881613359,0.5655796169885434,0.736989758152049,1.130480833700858,1.485067524947226,2.012395577970892,2.005125770578161,2.1454391479492188
0.0,0.00680703588295728,0.10687833343399689,0.18763631588080898,0.25595330144278705,0.26262248132843524,0.3393721666652709,0.4153103469579946,0.5695065965410322,0.7834300883696415,1.0475327596068382,1.328714972594753,2.089820914901793,2.8932295655540656,2.902338743209839,3.022317409515381,4.417703151702881,4.727170944213867
0.0,0.06884486973285675,0.05802219785982743,0.08844979968853295,0.1525994406256359,0.1950205950124655,0.18305299669736996,0.29502294305711985,0.525416145042982,0.956398042733781,1.0519141660770401,1.275476352777332,1.5943756371852942,2.375755046494305,2.809201646479778,2.332554370164871,4.052352428436279,5.643887519836426
0.0,0.005980017886031419,0.1386373227869626,0.1873401711927727,0.22696460300358012,0.24931097798980772,0.3467939403199125,0.4653990213992074,0.7721403178293258,0.7384563686791807,1.390708701510448,1.2775843303534202,1.7744141855509952,2.6049760236928705,2.128045910882065,3.3404440117883496,4.802239418029785,7.296054363250732
0.0,0.09677828720305115,0.34053139545721933,0.4063625559792854,0.5908606773300562,0.6938906614959706,0.7740658521070145,1.3347557330562267,2.729189549572766,3.760764459526399,4.06304838869255,4.672017228818731,7.379627816611901,17.8385975768324,17.712572311167605,20.25672328984365,18.57755470275879,29.35829734802246
0.008585837902501225,0.2314674921799451,1.3238658826448955,1.8227754522813484,3.062893103226088,4.184336286620237,6.98929968313314,9.225899286975618,10.594007950479863,13.603047479555244,23.248868639348075,49.633166772371624,118.00092066914658,123.56806643703021,59.36766179680126,64.32308815501165,38.73025131225586,56.3286018371582
0.0,0.040553852217271924,0.12398878682870418,0.1859739179490134,0.2214687712257728,0.21906477565062232,0.30252652216586284,0.39267932396614924,0.4916672750841826,0.6978480029501952,1.0071887641679496,0.9490586950851139,1.0470333981793374,1.6328873128513806,1.4955149651796091,2.1422559656202793,3.040389060974121,4.825153827667236
0.0,0.023347454669419676,0.12310455561964773,0.20836049044737592,0.2954018874443136,0.36774898128351197,0.4695938260992989,0.4458140734641347,0.6605185091029853,1.1578249013982713,1.2391748428344727,1.7656799926189706,2.7523403925588354,2.686647640366573,2.329847037792206,3.00007345888298,3.1210672855377197,5.478097438812256
0.0,0.03360009321477264,0.1282924476545304,0.226314369647298,0.2809377868543379,0.30526278144679964,0.3860102263861336,0.66663913638331,0.8737780527444556,1.2153340745717287,1.208615898154676,1.8277198516298085,2.363824144587852,2.6170618534088135,3.3908321857452393,3.7098536491394043,4.113801956176758,5.016857147216797
0.0009270046721212566,0.057480088813463226,0.28076972550479695,0.513055357063422,1.016711061296519,1.290135525050573,1.669148261367809,2.662481734994799,2.9514225221355446,4.2280270042829216,5.395743657485582,5.821985878428677,10.473687352263369,17.455829717684537,13.546027183532715,16.97683334350586,25.528032302856445,12.251498222351074
0.0,0.0,0.03748066772823222,0.1132134121726267,0.2196802890393883,0.2675601544906385,0.25729784232680686,0.28762628143886104,0.29909180372487754,0.41124177596066147,0.4708881276892498,0.4354139721544925,0.5470051366719417,0.8632175863313023,1.1321371744561475,1.7886099430616014,2.2748894782271236,4.014281272888184
0.0,0.007339396048337221,0.058737466926686466,0.10782921634381637,0.12675825209589675,0.1899306781560881,0.25635720542049967,0.3478475975280162,0.3150432024267502,0.363553247298114,0.37785996892489493,0.3834741345490329,0.7921557365916669,1.1390899104299024,1.4714011354371905,1.7348800068721175,4.259937286376953,3.449408531188965
0.0,0.02573121208115481,0.18490406853379682,0.2751533180999104,0.3915294495236594,0.505576001945883,0.49593501404160634,0.7042498019291088,0.8324632270378061,1.1166552614013199,1.9232234899827745,2.4457895537489094,2.765338717843406,4.701452229230199,4.94707353785634,8.47527062514564,13.802210807800293,20.169713973999023