0.0,0.0,0.0,0.0,0.0,0.0,0.0,0.0,0.0,0.0,0.0,0.0,0.0,0.0,0.0,0.0,0.0,0.0,0.0,0.0,0.0,0.0,0.0,0.0,0.0,0.0,0.0,0.0,0.0,0.0,0.0,0.0,0.0,0.0,0.0,0.0,0.0,0.0,0.0,0.0,0.0,0.0,0.0,0.0,0.0,0.0,0.0,0.0,0.0,0.0,0.0
0.0,0.0,0.0,0.0,0.0,0.0,0.0,0.0,0.0,0.0,0.0,0.0,0.0,0.0006235453765839338,0.0,0.0,0.0,0.0003574976872187108,0.0,0.0,0.0,0.0,0.0,0.0,0.0,0.0,0.0009818630060181022,0.0030904437589924783,0.0,0.0009260877850465477,0.0013025228399783373,0.006205838639289141,0.0018097196007147431,0.0,0.0011958712711930275,0.005041962023824453,0.0,0.0016735807294026017,0.0013683318393304944,0.0016404304187744856,0.0,0.0,0.0,0.0,0.0,0.0,0.0,0.0,0.0,0.0,0.0
0.0,0.0,0.0,0.0,0.0,0.0,0.0,0.0,0.0,0.00032718965667299926,0.0010485065868124366,0.0013879045145586133,0.007647219346836209,0.0047485511167906225,0.0020132206263951957,0.0,0.0,0.00035370857222005725,0.0053111890447326005,0.009277603588998318,0.0008494765497744083,0.0037045436911284924,0.0005619307630695403,0.0,0.0010220196563750505,0.0005682484479621053,0.007970824837684631,0.0,0.0,0.01207355223596096,0.0022436196450144053,0.0,0.0005260665784589946,0.0,0.0,0.0,0.0,0.0,0.0,0.0,0.0,0.0011461731046438217,0.0,0.0,0.0004484010278247297,0.0,0.002196833724156022,0.0,0.0,0.0,0.0011212659301236272
0.0,0.0,0.0,0.0,0.0,0.0,0.0,0.0,0.0,0.0,0.0,0.0,0.0,0.0,0.0,0.0,0.0,0.0,0.0,0.0,0.0,0.0,0.0,0.0,0.0,0.0015436550602316856,0.0015098843723535538,0.0,0.0,0.0,0.0,0.0,0.00031100973137654364,0.0,0.0,0.0,0.0,0.0,0.0,0.00048220521421171725,0.0,0.0,0.0,0.0004986459971405566,0.0,0.0,0.0,0.0,0.0,0.0,0.0
0.0,0.0,0.0,0.0,0.0,0.0,0.0,0.0,0.0,0.0008367557311430573,0.001383212860673666,0.002526703290641308,0.0012796650407835841,0.0011436131317168474,0.0004395220894366503,0.0006253773462958634,0.0009614905575290322,0.0013999302173033357,0.003764878259971738,0.002249288314487785,0.0009358137031085789,0.0015570903779007494,0.0,0.0,0.0,0.0,0.0,0.0,0.0,0.0,0.0,0.0,0.0,0.0,0.0,0.0,0.0,0.0,0.0,0.0,0.0,0.0,0.0,0.0,0.0,0.0,0.0,0.0,0.0,0.0,0.0
0.0,0.0,0.0,0.0,0.0,0.0,0.0,0.0,0.0,0.0,0.0,0.0,0.0,0.0,0.0,0.0,0.0,0.0,0.0010107627604156733,0.0045494327787309885,0.011206561757717282,0.010114463162608445,0.0020996362436562777,0.00042076947283931077,0.0007307521882466972,0.0,0.002980331890285015,0.0,0.0,0.0,0.0,0.0,0.0,0.0,0.0,0.0011574150994420052,0.0,0.0022450853139162064,0.0,0.0,0.0,0.0,0.0,0.0,0.0,0.0,0.0,0.0,0.0,0.0,0.0
0.0,0.0,0.0,0.0,0.0,0.0,0.0,0.0,0.0,0.0,0.0,0.0,0.0,0.0,0.0,0.0,0.0,0.0,0.0,0.0,0.0,0.0,0.0,0.0,0.0,0.0,0.0,0.0006090417737141252,0.0002986713661812246,0.005422574933618307,0.0,0.0,0.002243396593257785,0.0005495980731211603,0.0,0.0,0.0,0.0,0.0,0.0,0.0,0.0,0.0,0.0,0.0,0.0,0.0,0.001204994972795248,0.0004902849323116243,0.0,0.0
0.0,0.0,0.0,0.0,0.0,0.0,0.0,0.0,0.0,0.0,0.0,0.0,0.0,0.0,0.0,0.0,0.0,0.0,0.0,0.0,0.0,0.0,0.0,0.0,0.0,0.0,0.0,0.0,0.0,0.0,0.0,0.0,0.0,0.0,0.0,0.0,0.0,0.0,0.0,0.0,0.0,0.0,0.0,0.0,0.0,0.0,0.0,0.0,0.0,0.0,0.0
0.0,0.0,0.0,0.0,0.0,0.0,0.0,0.0,0.0,0.0,0.0,0.0,0.0,0.0,0.0,0.0,0.0,0.0,0.0005996488616801798,0.0009829126065596938,0.0005398676148615777,0.0,0.0,0.0,0.0,0.0,0.0,0.0,0.0,0.0,0.0,0.0,0.0,0.0,0.0,0.0,0.0,0.0,0.0,0.0,0.0,0.0,0.0,0.0,0.0,0.0,0.0,0.0,0.0,0.0,0.0
0.0,0.0,0.0,0.0,0.0,0.0,0.0,0.0,0.0,0.0,0.0,0.0,0.0,0.0,0.0,0.0,0.0,0.0,0.0,0.0,0.0,0.0,0.0,0.0,0.0,0.0,0.0,0.0,0.0,0.0,0.0,0.0,0.0,0.0,0.0,0.0,0.0,0.0,0.0,0.0,0.0,0.0,0.0,0.0,0.0,0.0,0.0,0.0,0.0,0.0,0.0
0.0,0.0,0.0,0.0,0.0,0.0,0.0,0.0,0.0,0.0,0.0003272845351602882,0.0005411496968008578,0.0012331909965723753,0.0011887212749570608,0.0,0.00027348747244104743,0.0,0.000617939920630306,0.0015502060705330223,0.0005505055305548012,0.0013422437477856874,0.0,0.0004897427279502153,0.0027176877483725548,0.0023003234528005123,0.0,0.0,0.0,0.0,0.0,0.0,0.0,0.0,0.0,0.0,0.0,0.0,0.0,0.0,0.0,0.0,0.0,0.0,0.0,0.0011245387140661478,0.0006394779775291681,0.0,0.001231070258654654,0.0,0.0,0.0
0.0,0.0,0.0,0.0,0.0,0.0,0.0,0.0,0.0,0.0,0.002507827477529645,0.0012256251648068428,0.0012975353747606277,0.0015168304089456797,0.0011410311562940478,0.0004960384103469551,0.0010661144042387605,0.0005543319857679307,0.0,0.0012984274653717875,0.0,0.0,0.0,0.0015701281372457743,0.0015258070779964328,0.0016172260511666536,0.0,0.0005765506066381931,0.0,0.007260450161993504,0.0,0.0,0.0005753631703555584,0.0,0.0,0.0008771945140324533,0.0,0.0023756511509418488,0.0,0.0,0.0,0.0,0.0,0.0,0.0,0.0,0.0,0.0,0.0,0.0,0.0
0.0,0.0,0.0,0.0029812930151820183,0.021865246118977666,0.01374963647685945,0.015432621818035841,0.024400950060226023,0.036109235486947,0.023806326324120164,0.027606710325926542,0.02043823094572872,0.011149816622491926,0.041187528520822525,0.01946916017914191,0.004169178253505379,0.007634690846316516,0.032600868958979845,0.0378444695379585,0.03617717232555151,0.014780511381104589,0.03654715872835368,0.027488318271934986,0.01739225402707234,0.011094248620793223,0.016847059596329927,0.024081280454993248,0.051425631158053875,0.05647725518792868,0.02630172250792384,0.01890105940401554,0.017725344048812985,0.07453781273216009,0.0,0.0,0.0,0.0,0.0,0.0,0.0,0.0,0.0,0.0,0.0,0.0,0.0,0.0,0.0,0.0,0.0,0.0
0.0,0.0,0.0,0.0,0.0,0.0,0.0,0.0,0.0,0.0,0.0,0.0,0.0012316395295783877,0.0003401820140425116,0.0013274881057441235,0.0,0.0,0.0,0.0,0.0,0.0,0.0,0.0,0.0,0.0,0.0,0.0,0.0,0.0,0.0,0.0,0.0,0.0,0.0,0.0,0.0,0.0,0.0,0.0,0.0,0.0,0.0,0.0,0.0,0.0,0.0,0.0,0.0,0.0,0.0,0.0
0.0,0.0,0.0,0.0,0.0,0.0,0.0,0.0,0.0,0.0,0.0,0.0,0.0,0.0,0.0,0.0,0.0,0.0,0.0,0.0,0.0,0.0,0.0,0.0,0.0,0.0,0.0,0.0,0.0,0.0,0.0,0.0,0.0,0.0,0.0,0.0,0.0,0.0,0.0,0.0,0.0,0.0,0.0,0.0,0.0,0.0,0.0,0.0,0.0,0.0,0.0
0.0,0.0,0.0,0.0,0.0,0.0,0.0,0.0,0.00041796750156208873,0.0007449996774084866,0.0008898687083274126,0.0020631973166018724,0.0014210729859769344,0.0013834720593877137,0.0009354455978609622,0.0,0.0,0.0,0.0006310105673037469,0.0006586789968423545,0.0,0.0,0.0,0.0,0.0,0.0,0.0,0.0,0.0,0.0,0.0,0.0,0.0,0.0,0.0,0.0,0.0,0.0,0.0,0.0,0.0,0.0,0.0,0.0,0.0,0.0,0.0,0.0,0.0,0.0,0.0
0.0,0.0,0.0,0.0,0.0,0.0,0.0,0.0,0.0,0.0,0.0,0.0,0.0,0.0,0.0,0.0,0.0,0.0,0.0,0.0,0.0,0.0,0.0,0.0,0.0,0.0,0.0,0.0,0.0,0.0,0.0,0.0,0.0,0.0,0.0,0.0,0.0,0.0,0.0,0.0,0.0,0.0,0.0,0.0,0.0,0.0,0.0,0.0,0.0,0.0,0.0
0.0,0.0,0.0,0.0,0.0,0.0,0.0,0.0,0.0,0.0,0.0,0.0,0.0,0.0,0.0,0.0,0.0,0.0,0.0005461943219415843,0.002390308305621147,0.00027964741457253695,0.0003877766721416265,0.0,0.0,0.0,0.0,0.0,0.0,0.0,0.0,0.0,0.0,0.001483973697759211,0.0,0.0,0.0,0.0004905384848825634,0.0,0.0,0.0005721476627513766,0.000527038297150284,0.0018099972512573004,0.005205048248171806,0.0020036024507135153,0.0006299642845988274,0.0017202550079673529,0.006539944093674421,0.00425724359229207,0.007131147664040327,0.0043594324961304665,0.002118391916155815
0.0,0.0,0.0,0.0,0.0,0.0,0.0,0.0,0.0,0.0,0.0,0.0,0.0,0.0,0.0,0.0,0.0,0.0,0.0,0.0,0.001536924159154296,0.0015817080857232213,0.0002802747185342014,0.0,0.0,0.0,0.0,0.0,0.0,0.0,0.0,0.0,0.0,0.0,0.0,0.0,0.0,0.0,0.0,0.0,0.0,0.0,0.0,0.0,0.0,0.0,0.0,0.0,0.0,0.0,0.0
0.0,0.0,0.0,0.0,0.0,0.0,0.0,0.0,0.0,0.0,0.0,0.0,0.0,0.000763441959861666,0.0,0.0,0.0,0.0,0.0,0.0,0.0,0.0009459073189646006,0.0,0.0,0.0,0.0,0.0,0.0,0.0,0.0,0.0,0.0,0.0,0.0,0.0,0.0,0.0,0.0,0.0,0.0,0.0,0.0,0.0,0.0,0.0,0.0,0.0,0.0,0.0,0.0,0.0
0.0,0.0,0.0,0.0,0.0,0.0,0.0,0.0,0.0,0.0,0.0,0.0,0.0,0.0,0.0,0.0,0.0,0.0,0.0,0.0,0.0,0.0,0.0,0.0,0.0,0.0,0.0,0.0,0.0,0.0,0.0,0.0,0.0,0.0,0.0,0.0,0.0,0.0,0.0,0.0,0.0,0.0,0.0,0.0,0.0,0.0,0.0,0.0,0.0,0.0,0.0
0.0,0.0,0.0,0.0,0.0,0.0,0.0,0.0,0.0,0.0,0.0,0.0,0.0,0.0,0.0,0.0,0.0,0.0,0.0,0.0,0.0,0.0,0.0,0.0,0.0005766230169683695,0.0,0.0,0.0,0.0,0.0,0.0,0.0,0.0,0.0,0.0,0.0,0.0,0.0,0.0,0.0,0.0,0.0,0.0,0.0,0.0,0.0,0.0,0.0,0.0,0.0,0.0
0.0,0.0,0.0,0.0,0.0,0.0,0.0,0.0,0.0,0.0,0.0,0.0,0.0,0.0007932674488984048,0.0006813720683567226,0.0,0.0,0.00256950780749321,0.0012384849833324552,0.0,0.0,0.0,0.0,0.0,0.0,0.0,0.0,0.0,0.0,0.0,0.0,0.0,0.0,0.0,0.0,0.0,0.0,0.0,0.0,0.0,0.0,0.0,0.0,0.0,0.0,0.0,0.0,0.0,0.0,0.0,0.0
0.0,0.0,0.0,0.0,0.0,0.0,0.0,0.0,0.0,0.0,0.0,0.0,0.0,0.0,0.0,0.0,0.0,0.0,0.0,0.0,0.0,0.0,0.0,0.0,0.0,0.0,0.0,0.0,0.0,0.0,0.0,0.0,0.0,0.0,0.0,0.0,0.0,0.0,0.0,0.0,0.0,0.0,0.0,0.0,0.0,0.0,0.0,0.0,0.0,0.0,0.0
0.0,0.0,0.0,0.0,0.0,0.0,0.0,0.0005167797789908946,0.0014207492349669337,0.0027420539408922195,0.0035127203445881605,0.0038028343115001917,0.0008777136099524796,0.0011922017438337207,0.0011646781349554658,0.0,0.0007241040002554655,0.0,0.0,0.00034668363514356315,0.001051647705025971,0.004077936057001352,0.0005971909267827868,0.001755711156874895,0.0004197231319267303,0.00797306653112173,0.0,0.0006049461662769318,0.0,0.0006585772498510778,0.001681649126112461,0.0,0.001838579773902893,0.0,0.0,0.0,0.0,0.0,0.0,0.0,0.0,0.0,0.0,0.0,0.0,0.0,0.0,0.0,0.0,0.0,0.0
0.0,0.0,0.0,0.0,0.0,0.0,0.0,0.0,0.0005085109150968492,0.0022065709345042706,0.0006194223533384502,0.0006497735157608986,0.0006818248657509685,0.0018160406034439802,0.000480445014545694,0.0003925866330973804,0.000644889019895345,0.0005070593324489892,0.0016467934474349022,0.00043450953671708703,0.002123833866789937,0.0021987163927406073,0.0014534542569890618,0.0,0.0018969684606418014,0.0,0.0,0.0,0.0,0.0,0.0,0.0,0.0,0.0,0.0,0.0,0.0,0.0,0.0,0.0,0.0,0.0,0.0,0.0,0.0,0.0,0.0,0.0,0.0,0.0,0.0
0.0,0.0,0.0,0.0,0.0,0.0,0.0,0.0,0.0,0.0005043431301601231,0.003441448090597987,0.0028963973745703697,0.0027985076885670424,0.0,0.0,0.0,0.0,0.0,0.0,0.0005423521506600082,0.0,0.0,0.0,0.0008156293188221753,0.001323266769759357,0.0,0.0,0.0,0.0,0.0,0.0,0.0,0.0,0.0,0.0,0.0,0.0,0.0,0.0,0.0,0.0,0.0,0.0,0.0,0.0,0.0,0.0,0.0,0.0,0.0,0.0
0.0,0.0,0.0,0.0,0.0,0.0,0.0,0.0,0.0,0.0,0.0,0.0,0.0,0.0,0.0,0.0,0.0,0.0,0.0,0.0,0.0,0.0,0.0,0.0,0.0,0.0,0.0,0.0,0.0,0.0,0.0,0.0,0.0,0.0,0.0,0.0,0.0,0.0,0.0,0.0,0.0,0.0,0.0,0.0,0.0,0.0,0.0,0.0,0.0,0.0,0.0
0.0,0.0,0.0,0.0,0.0,0.0,0.0,0.0,0.0,0.0,0.0,0.0,0.0,0.0,0.0,0.0,0.0,0.0,0.0,0.0,0.0,0.0,0.0,0.0,0.0,0.0,0.0,0.0,0.0,0.0,0.0,0.0,0.0,0.0,0.0,0.0,0.0,0.0,0.0,0.0,0.0,0.0,0.0,0.0,0.0,0.0,0.0,0.0,0.0,0.0,0.0
0.0,0.0,0.0,0.0,0.0,0.0,0.0,0.0,0.0,0.0,0.0,0.0,0.0,0.0,0.0,0.0,0.0,0.0,0.0,0.0005763882654719055,0.0009063276811502874,0.0,0.0,0.0,0.0,0.0,0.0,0.0,0.0,0.0,0.0,0.0,0.0,0.0,0.0,0.0,0.0,0.0,0.0,0.0,0.0,0.0,0.0,0.0,0.0,0.0,0.0,0.0,0.0,0.0,0.0