0.0,0.0,0.0,0.0002955695672426373,0.011588592198677361,0.029299538233317435,0.030731275910511613,0.029573774751042947,0.02832559816306457,0.0482705159811303,0.04865864259772934,0.06479377782670781,0.06210137018933892,0.07570755685446784,0.08789350849110633,0.0838463785185013,0.16399129619821906,0.20062936993781477,0.27100650884676725,0.2960467366501689,0.33874900126829743,0.5506324766902253,0.5175487399101257,0.8378491997718811,0.4856008291244507,0.46183279156684875
0.0,0.0,0.0,0.0,0.004347982816398144,0.010949321440421045,0.026809834700543433,0.030593646282795817,0.026135829626582563,0.027617066632956266,0.03808182349894196,0.03048496920382604,0.018982356530614197,0.02481845603324473,0.019421705976128578,0.015671931207180023,0.012414642609655857,0.01262261439114809,0.013585205189883709,0.04251624271273613,0.05065467208623886,0.03293653950095177,0.04773100093007088,0.040605366230010986,0.05142756924033165,0.05871204659342766
0.0,0.0,0.0,0.0,0.0,0.0,0.0,0.0009966216748580337,0.0035135217185597867,0.010892104037338868,0.011548652197234333,0.017843865498434752,0.017776513705030084,0.020512134593445808,0.016129414667375386,0.005121092690387741,0.027005416341125965,0.05329242360312492,0.008990323403850198,0.007388753350824118,0.025353627279400826,0.0454443097114563,0.026745452545583248,0.02036389196291566,0.019143215380609035,0.11829811334609985
0.0,0.0,0.0,0.0,0.0,0.000680222176015377,0.00396227091550827,0.004386330314446241,0.012585221033077687,0.005856278003193438,0.0076345333945937455,0.014585031778551638,0.02036414510803297,0.01880909813917242,0.02465533892973326,0.008152863068971783,0.041929527185857296,0.05498579633422196,0.06021224759751931,0.023322975961491466,0.07699711859459057,0.12048546591540799,0.10993103682994843,0.17337773740291595,0.15350820124149323,0.1331116408109665
0.0,0.0,0.0,0.0,0.0,0.0,0.0017666610656306148,0.0026277543511241674,0.005623601842671633,0.006327001610770822,0.0073828635504469275,0.008334590471349657,0.01060263451654464,0.011779300053603947,0.008705900225322694,0.009720483038108796,0.017442877491703257,0.03390956885414198,0.05269544542534277,0.05819003202486783,0.05303556006401777,0.04031583108007908,0.009925467893481255,0.029063601046800613,0.033705372363328934,0.04500660300254822
0.0,0.0,0.011928707361221313,0.028874438256025314,0.011827021837234497,0.01013079471886158,0.006694026291370392,0.0021336053032428026,0.0015543283661827445,0.003947168588638306,0.0028461876790970564,0.006604008609429002,0.004201315809041262,0.013134574517607689,0.0228828527033329,0.03665473870933056,0.028659814968705177,0.02912791818380356,0.04295723885297775,0.09006811678409576,0.019891496747732162,0.01925937831401825,0.011460769921541214,0.01324293203651905,0.04788120463490486,0.024441570043563843
0.0,0.0,0.0,0.0,0.0011491302866488695,0.0023798623587936163,0.0025373175740242004,0.0037005547201260924,0.005557156458962709,0.010391054500360042,0.009836046083364636,0.010311424965038896,0.015704173332778737,0.019134234404191375,0.01429385261144489,0.012247867503901944,0.024417740292847157,0.04063185316044837,0.04477847507223487,0.041602260957006365,0.02892318117665127,0.034303075954085216,0.08109995722770691,0.08538087457418442,0.1465117484331131,0.19705715775489807
0.0,0.0,0.006255326967220753,0.015521439956501126,0.03454414656152949,0.0526980385184288,0.09114538313588127,0.09356519160792232,0.09890916937729344,0.07506416452815756,0.07344991766149178,0.0723405594471842,0.10839969787048176,0.14517173334024847,0.09676634497009218,0.09510107309324667,0.16443866537883878,0.17157874908298254,0.22255749255418777,0.19387903809547424,0.2724315971136093,0.27219273895025253,0.08511342294514179,0.1174144521355629,0.12609757483005524,0.18796639144420624
0.0,0.0,0.0,0.0,0.0,0.0,0.0,0.0007140233647078276,0.0010197897208854556,0.00595149165019393,0.014812970737693831,0.01675809791777283,0.015778192784637213,0.011754142120480537,0.014081429690122604,0.0020402141381055117,0.0005934942746534944,0.0052853734232485294,0.0056138490326702595,0.0032145889126695693,0.0021695208561141044,0.004813497071154416,0.011078357929363847,0.020522935781627893,0.0660313293337822,0.007947324775159359
0.0,0.0,0.0,0.0023195600952021778,0.007095680572092533,0.00949370488524437,0.009804823435842991,0.013829622825141996,0.011342452315147966,0.014147845737170428,0.018052094033919275,0.018914152635261416,0.007723004324361682,0.010776205454021692,0.012374526122584939,0.02079358627088368,0.010725029278546572,0.006704614381305873,0.01694239745847881,0.03382878890261054,0.011322781210765243,0.01876664161682129,0.03190682485001162,0.027873864397406578,0.028175871819257736,0.033639777451753616
0.0,0.0,0.014969711191952229,0.025559501722455025,0.029313824779819697,0.03667194116860628,0.033254865440540016,0.025883716298267245,0.033942550187930465,0.03175151371397078,0.026724700815975666,0.027498501702211797,0.023681145859882236,0.03940670005977154,0.033011085353791714,0.08007058638031594,0.06719978246837854,0.04213149729184806,0.047703687101602554,0.07409532368183136,0.07651637785602361,0.0340356275846716,0.031197091564536095,0.03437333181500435,0.035427529364824295,0.056153178215026855
0.0,0.0,0.0,0.0007268221233971417,0.0024663801304996014,0.004944342188537121,0.013002174906432629,0.012696497142314911,0.004086249857209623,0.0013441945193335414,0.005171159747987986,0.007919469615444541,0.02021586650516838,0.011763585964217782,0.012690032192040235,0.004798435897100717,0.0036279035557527095,0.014890622231177986,0.037542761594522744,0.0031495600123889744,0.003655011998489499,0.009703912772238255,0.014981134794652462,0.012506281957030296,0.03400353342294693,0.016584478318691254
0.0,0.0,0.0,0.0005211522220633924,0.0004798909358214587,0.003481189487501979,0.0028641093522310257,0.012132511707022786,0.03263537667226046,0.05801713699474931,0.042634824523702264,0.02333397150505334,0.03635397751349956,0.029699236183660105,0.02966253593331203,0.027864127070643008,0.014570434927009046,0.04470707010477781,0.03291498031467199,0.047683194279670715,0.0481349341571331,0.04784997180104256,0.01631096377968788,0.03036068892106414,0.034439159964676946,0.06103849783539772
0.0,0.0,0.0,0.0019018882885575294,0.002446440194034949,0.0092761458363384,0.012771100940881297,0.015891689399722964,0.021689815679565072,0.03317086392780766,0.027150164620252326,0.0199390628549736,0.00921012437902391,0.02026314102113247,0.016460649960208684,0.013071587833110243,0.01304176141275093,0.017209652811288834,0.0336835291236639,0.061210159212350845,0.023511558771133423,0.010992050170898438,0.03319895267486572,0.04387066885828972,0.05563681945204735,0.02761412225663662
0.0,0.0,0.0,0.0,0.0005903862765990198,0.0023504099808633327,0.006034245947375894,0.008276402193587273,0.018931203230749816,0.015181856346316636,0.008205316145904362,0.009442996233701706,0.01181472698226571,0.008053392171859741,0.006213672924786806,0.004258138593286276,0.008112468756735325,0.005132363177835941,0.015255933627486229,0.018164414912462234,0.021903419867157936,0.028668273240327835,0.016552211716771126,0.01490822620689869,0.0185396708548069,0.08184652030467987
0.0,0.0,0.016952929727267474,0.024049910774920136,0.013492095284163952,0.023550008423626423,0.02026334311813116,0.021137037314474583,0.013310694019310176,0.012071875389665365,0.019422741374000907,0.02167492755688727,0.01212273573037237,0.012022993469145149,0.019315731420647353,0.038221708906348795,0.030930632958188653,0.02877426624763757,0.023457020346540958,0.01454173112870194,0.01734238921198994,0.021246642107143998,0.022457345388829708,0.053606390953063965,0.039726048707962036,0.028453415259718895
0.0,0.0,0.0,0.0,0.0005566667532548308,0.0025880694738589227,0.004009902942925692,0.013975276611745358,0.014982168795540929,0.025958575773984194,0.01581674796761945,0.005486904992721975,0.0031924645882099867,0.0037232363247312605,0.004577104758936912,0.0019525873940438032,0.00693663873244077,0.007980471709743142,0.004268229939043522,0.022742750123143196,0.022882458055391908,0.010103090549819171,0.029382359236478806,0.009984035161323845,0.013784768059849739,0.01428922638297081
0.0,0.0,0.0,0.0009618264157325029,0.008481051889248192,0.013093934394419193,0.013185052899643779,0.01849386011599563,0.01382181147346273,0.024964881944470108,0.02424631069879979,0.028463089372962713,0.03499720245599747,0.027884008188266307,0.0228583968419116,0.016876084817340598,0.03205201029777527,0.06223187246359885,0.05818461254239082,0.09190641343593597,0.024948937818408012,0.015553530887700617,0.06233061896637082,0.10723485972266644,0.07551444321870804,0.14695119857788086
0.0,0.0,0.0,0.0003799056576099247,0.009320138895418495,0.013690954307094216,0.016753366217017174,0.015369411965366453,0.01920026948209852,0.019886192632839084,0.022741058375686407,0.02009016677038744,0.008658476173877716,0.012114173849113286,0.010444204090163112,0.004563734983094037,0.011424210737459362,0.005418430780991912,0.004239687696099281,0.02448728180024773,0.017539142398163676,0.008672007446875796,0.03691300004720688,0.05430813133716583,0.06444309651851654,0.048724912106990814
0.0,0.0,0.0,0.0,0.0,0.0018251960864290595,0.0039657073793932796,0.0046628976706415415,0.009181822650134563,0.006036507664248347,0.009214666672050953,0.010164060397073627,0.007109343772754073,0.004979708639439195,0.0034432453103363514,0.006667604902759194,0.006155263283289969,0.012170562637038529,0.04831405007280409,0.024971744045615196,0.04160464648157358,0.0523638091981411,0.016646308824419975,0.006279719527810812,0.018052546307444572,0.01894373446702957
0.0,0.0,0.0,0.0,0.0,0.0,0.0,0.0017196715925820172,0.00600019347621128,0.015713150351075456,0.016857815091498196,0.018728463619481772,0.014866096811601892,0.023255965032149106,0.015327138418797404,0.01994864479638636,0.06701596826314926,0.031716785626485944,0.043483016081154346,0.050456637429306284,0.028776775405276567,0.11293463059701025,0.09563063830137253,0.27304506301879883,0.08231331408023834,0.0602751150727272
0.0,0.0,0.0,0.0025600275257602334,0.02373040610109456,0.030622232938185334,0.033371381054166704,0.04082655627280474,0.05324344022665173,0.041787499270867556,0.015277577796950936,0.01395172456977889,0.024064228171482682,0.06001083611045033,0.048630822740960866,0.021458282775711268,0.06435628019971773,0.06684761273209006,0.10247023426927626,0.08694597613066435,0.10291408514603972,0.035864378878613934,0.030582191422581673,0.051830146461725235,0.06498482823371887,0.033099085092544556
0.0,0.0,0.002528161625377834,0.007449374767020345,0.01117883576080203,0.017564386827871203,0.022914494387805462,0.036158516770228744,0.02438341174274683,0.020789778092876077,0.016303118783980608,0.013355602277442813,0.006807150784879923,0.006846481293905526,0.009144272655248642,0.0073791047325357795,0.01581940974574536,0.020734702004119754,0.009365086734760553,0.008990406757220626,0.02113260538317263,0.01380846684332937,0.005672826431691647,0.04541022703051567,0.003803103929385543,0.030019236728549004
0.0,0.0,0.008131314942147583,0.011000705417245626,0.013402410666458309,0.017232398968189955,0.01691964827477932,0.0093769789673388,0.011448954930528998,0.008344831934664398,0.01697697676718235,0.016578209004364908,0.03367744211573154,0.019439425668679178,0.01955091068521142,0.03169842646457255,0.03189259022474289,0.02405271725729108,0.012805938022211194,0.044765951577574015,0.03527860436588526,0.05159641429781914,0.045938837341964245,0.10837382823228836,0.0768587663769722,0.032203853130340576
0.0,0.0,0.0,0.0,0.0,0.0,0.0,0.0,0.0,0.002532597631216049,0.004763014730997384,0.005499846825841814,0.0052224634564481676,0.012518142350018024,0.010321614157874137,0.014692179393023252,0.02749670227058232,0.035763684660196304,0.010620806366205215,0.002522079972550273,0.002100234152749181,0.013653034344315529,0.006310530472546816,0.010006478987634182,0.012639074586331844,0.02229406125843525
0.0,0.0,0.03268592501990497,0.07476521632634103,0.09971662290627137,0.11922095587942749,0.10843092226423323,0.11776490800548345,0.1673042619950138,0.24272000559722073,0.2664332948043011,0.33437198295723647,0.3812918693292886,0.302276992588304,0.395486505003646,0.8586504757404327,0.7680468577891588,0.6544097103178501,0.9276467212475836,0.6909951567649841,0.5697948904708028,0.6891088970005512,0.8181484565138817,0.9708871822804213,1.3812522888183594,2.408935070037842
0.0,0.0,0.0,0.002011459262575954,0.005538109224289656,0.00858905038330704,0.006292272359132767,0.01145450456533581,0.017321986437309533,0.013315988588146865,0.015074675320647657,0.015595674456562847,0.027800724492408335,0.019538518390618265,0.020880894328001887,0.012809808540623635,0.01645812310744077,0.037767828442156315,0.013030064757913351,0.004446249455213547,0.013839843682944775,0.006747880775947124,0.013662025798112154,0.0065897200256586075,0.022810312919318676,0.04729437455534935
0.0,0.0,0.0,0.0,0.0,0.0,0.0,0.0,0.0,0.0008101224084384739,0.0005819679354317486,0.0010367076029069722,0.0009240530780516565,0.01479107394698076,0.015940679993946105,0.011225463706068695,0.004680001467932016,0.008586066658608615,0.031572011183016,0.011982913711108267,0.01977276534307748,0.008140906342305243,0.014102597371675074,0.032240454107522964,0.07822445034980774,0.02087736688554287
0.0,0.0,0.0005406456184573472,0.003669796627946198,0.016208587039727718,0.023972863680683076,0.024801149498671293,0.015348868793807924,0.018009866354987025,0.014959549822378904,0.018619817798025906,0.028303427854552865,0.03144488175166771,0.03601338097359985,0.05947450362145901,0.0682139378041029,0.01903268345631659,0.01794508268358186,0.07271490874700248,0.057003220135811716,0.08333868905901909,0.03678420837968588,0.056517332734074444,0.11818719282746315,0.08594486117362976,0.13463453948497772
0.0,0.0,0.0,0.0,0.0,0.0,0.0,0.005936375353485346,0.015229040291160345,0.01323158573359251,0.013523247500415891,0.014791479799896479,0.014987887465395033,0.023971939459443092,0.03445192670915276,0.02684652537573129,0.04323533829301596,0.06165048526600003,0.023290449287742376,0.04342162236571312,0.015922381018754095,0.049776979722082615,0.022674990817904472,0.03460772708058357,0.03978649899363518,0.06947201490402222