0, 0, 0, 0, 0, 0, 0, 0, 0, 0, 0, 0, 0, 0, 0, 0, 0, 0, 0, 0, 0, 0, 0, 0, 0, 0, 0, 0, 0, 0, 0, 0, 0, 0, 0, 0, 0, 0, 0, 0, 0, 0, 0, 0, 0, 0, 0, 0, 0, 0, 0, 0, 0, 0, 0, 0, 0, 0, 0, 0, 0, 0, 0, 0, 0, 0, 0, 0, 0, 0, 0, 0, 0, 0, 0, 0, 0, 0, 0, 0, 0, 0, 0, 0, 0, 0, 0, 0, 0, 0, 0, 0, 0, 0, 0, 0, 0, 0, 0, 0
0, 0, 0, 0, 0, 0, 0, 0, 0, 0, 0, 0, 0, 0, 0, 0, 0, 0, 0, 0, 0, 0, 0, 0, 0, 0, 0, 0, 0, 0, 0, 0, 0, 0, 0, 0, 0, 0, 0, 0, 0, 0, 0, 0, 0, 0, 0, 0, 0, 0, 0, 0, 0, 0, 0, 0, 0, 0, 0, 0, 0, 0, 0, 0, 0, 0, 0, 0, 0, 0, 0, 0, 0, 0, 0, 0, 0, 0, 0, 0, 0, 0, 0, 0, 0, 0, 0, 0, 0, 0, 0, 0, 0, 0, 0, 0, 0, 0, 0, 0
0, 0, 0, 0, 0, 0, 0, 0, 0, 0, 0, 0, 0, 0, 0, 0, 0, 0, 0, 0, 0, 0, 0, 0, 0, 0, 0, 0, 0, 0, 0, 0, 0, 0, 0, 0, 0, 0, 0, 0, 0, 0, 0, 0, 0, 0, 0, 0, 0, 0, 0, 0, 0, 0, 0, 0, 0, 0, 0, 0, 0, 0, 0, 0, 0, 0, 0, 0, 0, 0, 0, 0, 0, 0, 0, 0, 0, 0, 0, 0, 0, 0, 0, 0, 0, 0, 0, 0, 0, 0, 0, 0, 0, 0, 0, 0, 0, 0, 0, 0
0, 0, 0, 0, 0, 0, 0, 0, 0, 0, 0, 0, 0, 0, 0, 0, 0, 0, 0, 0, 0, 0, 0, 0, 0, 0, 0, 0, 0, 0, 0, 0, 0, 0, 0, 0, 0, 0, 0, 0, 0, 0, 0, 0, 0, 0, 0, 0, 0, 0, 0, 0, 0, 0, 0, 0, 0, 0, 0, 0, 0, 0, 0, 0, 0, 0, 0, 0, 0, 0, 0, 0, 0, 0, 0, 0, 0, 0, 0, 0, 0, 0, 0, 0, 0, 0, 0, 0, 0, 0, 0, 0, 0, 0, 0, 0, 0, 0, 0, 0
0, 0, 0, 0, 0, 0, 0, 0, 0, 0, 0, 0, 0, 0, 0, 0, 0, 0, 0, 0, 0, 0, 0, 0, 0, 0, 0, 0, 0, 0, 0, 0, 0, 0, 0, 0, 0, 0, 0, 0, 0, 0, 0, 0, 0, 0, 0, 0, 0, 0, 0, 0, 0, 0, 0, 0, 0, 0, 0, 0, 0, 0, 0, 0, 0, 0, 0, 0, 0, 0, 0, 0, 0, 0, 0, 0, 0, 0, 0, 0, 0, 0, 0, 0, 0, 0, 0, 0, 0, 0, 0, 0, 0, 0, 0, 0, 0, 0, 0, 0
0, 0, 0, 0, 0, 0, 0, 0, 0, 0, 0, 0, 0, 0, 0, 0, 0, 0, 0, 0, 0, 0, 0, 0, 0, 0, 0, 0, 0, 0, 0, 0, 0, 0, 0, 0, 0, 0, 0, 0, 0, 0, 0, 0, 0, 0, 0, 0, 0, 0, 0, 0, 0, 0, 0, 0, 0, 0, 0, 0, 0, 0, 0, 0, 0, 0, 0, 0, 0, 0, 0, 0, 0, 0, 0, 0, 0, 0, 0, 0, 0, 0, 0, 0, 0, 0, 0, 0, 0, 0, 0, 0, 0, 0, 0, 0, 0, 0, 0, 0
0, 0, 0, 0, 0, 0, 0, 0, 0, 0, 0, 0, 0, 0, 0, 0, 0, 0, 0, 0, 0, 0, 0, 0, 0, 0, 0, 0, 0, 0, 0, 0, 0, 0, 0, 0, 0, 0, 0, 0, 0, 0, 0, 0, 0, 0, 0, 0, 0, 0, 0, 0, 0, 0, 0, 0, 0, 0, 0, 0, 0, 0, 0, 0, 0, 0, 0, 0, 0, 0, 0, 0, 0, 0, 0, 0, 0, 0, 0, 0, 0, 0, 0, 0, 0, 0, 0, 0, 0, 0, 0, 0, 0, 0, 0, 0, 0, 0, 0, 0
0, 0, 0, 0, 0, 0, 0, 0, 0, 0, 0, 0, 0, 0, 0, 0, 0, 0, 0, 0, 0, 0, 0, 0, 0, 0, 0, 0, 0, 0, 0, 0, 0, 0, 0, 0, 0, 0, 0, 0, 0, 0, 0, 0, 0, 0, 0, 0, 0, 0, 0, 0, 0, 0, 0, 0, 0, 0, 0, 0, 0, 0, 0, 0, 0, 0, 0, 0, 0, 0, 0, 0, 0, 0, 0, 0, 0, 0, 0, 0, 0, 0, 0, 0, 0, 0, 0, 0, 0, 0, 0, 0, 0, 0, 0, 0, 0, 0, 0, 0
0, 0, 0, 0, 0, 0, 0, 0, 0, 0, 0, 0, 0, 0, 0, 0, 0, 0, 0, 0, 0, 0, 0, 0, 0, 0, 0, 0, 0, 0, 0, 0, 0, 0, 0, 0, 0, 0, 0, 0, 0, 0, 0, 0, 0, 0, 0, 0, 0, 0, 0, 0, 44.512535095214844, 0, 0, 0, 0, 20.628997802734375, 0, 0, 0, 0, 0, 0, 0, 0, 0, 0, 0, 0, 0, 0, 0, 0, 0, 0, 0, 0, 0, 0, 0, 0, 0, 0, 0, 0, 0, 0, 0, 0, 0, 0, 0, 0, 0, 0, 0, 0, 0, 0
0, 0, 0, 0, 0, 0, 0, 0, 0, 0, 0, 0, 0, 0, 0, 0, 0, 0, 0, 0, 0, 0, 0, 0, 0, 0, 0, 368.6164245605469, 329.0285339355469, 0, 0, 153.74925231933594, 125.26028060913086, 233.6537322998047, 76.81700897216797, 190.7133331298828, 211.96938705444336, 80.40708541870117, 113.11376953125, 91.24282455444336, 63.50507736206055, 95.13368844985962, 134.67202854156494, 244.3186845779419, 348.2953453063965, 450.6743354797363, 431.9046821594238, 550.8958187103271, 416.01334953308105, 351.3100652694702, 364.6475648880005, 359.53552627563477, 402.04918479919434, 419.06561279296875, 456.5301747918129, 275.0952168703079, 256.08435022830963, 237.14513289928436, 189.27361369132996, 136.20116209983826, 135.0651354789734, 134.09479689598083, 233.34682869911194, 161.51812541484833, 151.9503163099289, 155.88891553878784, 294.17234444618225, 203.7443926334381, 213.46654844284058, 269.47659969329834, 271.65311110019684, 262.38073444366455, 266.5907472372055, 220.7014235854149, 251.85345762968063, 225.96650955080986, 187.13089084625244, 192.25823664665222, 178.28079509735107, 124.85374534130096, 133.42787671089172, 143.094344496727, 94.8056945502758, 90.59855665266514, 127.67929744720459, 62.76109614223242, 80.67644649744034, 74.19969903677702, 70.61743035912514, 73.27612674236298, 62.62162548303604, 81.43744531273842, 34.065331280231476, 24.40224740281701, 36.419721990823746, 45.98047557473183, 45.906435668468475, 79.70644640922546, 37.49364733695984, 23.194952249526978
0, 0, 0, 0, 0, 0, 0, 0, 0, 0, 0, 0, 0, 0, 0, 0, 0, 0, 0, 0, 0, 0, 0, 0, 0, 0, 0, 0, 77.28193664550781, 107.97267150878906, 168.1725616455078, 434.0937805175781, 317.46495056152344, 192.15463256835938, 288.27328872680664, 172.99669456481934, 171.2833194732666, 247.5072956085205, 339.4635639190674, 118.90602207183838, 125.4730110168457, 466.8584384918213, 603.0177636146545, 862.1869373321533, 1031.0443019866943, 697.7708191871643, 891.2151460647583, 966.4386547803879, 999.5759220719337, 802.3821041584015, 1022.6046712398529, 980.5929715633392, 937.1218234300613, 1005.4684883356094, 976.9688273668289, 933.2182637453079, 857.0700569152832, 905.2115811705589, 905.448373645544, 1013.3812867198139, 989.1198234334588, 1100.8302090764046, 913.3777983859181, 1158.0967099666595, 1312.9393921643496, 1116.692384660244, 946.9393074959517, 967.2712065801024, 900.9471308961511, 907.9740869477391, 855.8538325242698, 1006.6207094453275, 913.98566394113, 937.4556728228927, 881.6402554176748, 839.6361440271139, 826.104314956814, 751.3293236764148, 794.8468598220497, 800.3538240715861, 749.3537747091614, 678.3472730237991, 653.1451123207808, 633.0459143454209, 578.9482039208524, 622.6207541044569, 627.0810457350453, 524.4647891116329, 516.4463801018428, 550.4385458612815, 518.8453147457913, 488.24003099184483, 479.90611553681083, 447.87798768025823, 440.86219819565304, 461.3912300395896, 512.2880942304619, 454.33581110392697, 458.89161294692894, 477.2872118152445
0, 0, 0, 0, 0, 0, 0, 0, 0, 0, 0, 0, 0, 0, 0, 0, 0, 0, 0, 0, 0, 0, 0, 0, 0, 0, 0, 0, 0, 0, 0, 0, 0, 0, 0, 0, 0, 0, 0.0, 0.0, 0, 0.0, 0.0, 0.0, 0.007587018422782421, 0.00713693187572062, 0.0, 0.010425850749015808, 0.010777775314636528, 0.008875490922946483, 0.0006351093179546297, 0.02083975449204445, 0.0014972819481045008, 0.0078117691446095705, 0.004850244615226984, 0.0, 0.0, 0.0020319786854088306, 65.17070855945349, 0.10009557008743286, 0.12315792473964393, 0.2563770115375519, 0.0, 0.2645147804869339, 0.28038792684674263, 0.001795705291442573, 0.009191168705001473, 0.06060231849551201, 0.0, 41.306481555104256, 52.5444502690807, 0.0005296283634379506, 0.0, 0.0027740008663386106, 51.92608156485949, 0.016445934772491455, 33.00932693481445, 23.77874755859375, 0.0, 13.51708984375, 14.27424144744873, 21.9410080909729, 11.601722717285156, 17.73093318939209, 5.100262403488159, 1.8383777141571045, 2.198948860168457, 0.0, 4.86438512802124, 0.0, 3.8265963792800903, 11.396491527557373, 16.096738278865814, 17.631531715393066, 2.9378852266818285, 22.105613708496094, 27.667318373918533, 31.85702358186245, 32.77269268035889, 0.025842538103461266
0, 0, 0, 0, 0, 0, 0, 0, 0, 0, 0, 0, 0, 0, 0, 0, 0, 0, 0, 0, 0, 0, 0, 0, 0, 0, 0.007021643687039614, 0.0035139864776283503, 0.0, 0.07743835775181651, 0.06951966881752014, 0.07023131992900744, 0.006319155916571617, 0.0304066298995167, 0.000934384239371866, 0.052441525855101645, 0.04794630780816078, 0.09259603824466467, 0.3519832608872093, 0.047064063139259815, 0.11794701963663101, 0.04283278156071901, 0.04469020856777206, 0.024325079459231347, 0.0, 0.0, 0.02377275051549077, 0.00879292981699109, 0.0, 0.005576285999268293, 0.02023489400744438, 0.021036771358922124, 0.0, 0.0, 0.1484164521098137, 0.012019706424325705, 0.01345177268376574, 0.007971387123689055, 0.002704580605495721, 0.02515503449831158, 0.1608259379863739, 0.022181318141520023, 0.007881710189394653, 0.07511766627430916, 0.003679784946143627, 0.0023716632276773453, 0.037949346005916595, 0.0, 0.0, 0.0, 0.013124455697834492, 0.0, 0.0, 0.0, 0.0, 24.199176788330078, 83.35851287841797, 0.010432174429297447, 0.0, 0.002472593216225505, 0.0, 0.001386713469401002, 0.0, 0.0, 0.0, 0.0, 0.0, 0.0, 0.0, 0.0, 0.0, 0.0, 0.0, 0.0, 0.0, 0.0, 0.0, 0.0, 0.0, 0.0009952360996976495
